48075.jpg r_winpoint 372 442 86 130 falling 712 426 73 124 falling 338 346 45 159 standing 467 280 42 131 standing 694 277 67 128 standing 744 359 48 128 standing 1088 333 53 149 standing 994 355 84 180 standing 874 409 97 176 standing 897 291 58 149 standing 877 352 88 159 standing 982 330 60 151 standing
45210.jpg r_winpoint 197 371 47 55 falling 285 392 40 114 standing 384 438 37 150 standing 352 306 44 113 standing 521 322 60 116 standing 582 361 49 125 standing 1034 381 55 128 jumping 1090 360 51 133 standing 1037 353 50 119 standing 905 382 57 128 standing 901 330 44 120 standing 931 368 46 123 standing
35925.jpg l_winpoint 832 368 58 148 standing 871 330 56 142 standing 885 306 35 144 standing 754 298 51 142 standing 684 271 60 142 standing 684 253 38 144 standing 374 344 64 171 standing 320 351 113 167 standing 333 323 61 157 standing 247 344 105 145 standing 217 345 55 162 standing 126 312 55 139 standing
52335.jpg r_winpoint 310 334 57 135 standing 473 318 40 118 standing 336 429 67 128 standing 597 337 58 141 standing 650 409 80 141 standing 703 375 43 157 standing 813 407 76 152 standing 823 322 62 132 standing 825 290 76 128 standing 900 347 61 182 standing 996 401 44 144 standing 1077 349 64 148 standing
30150.jpg r_winpoint 900 338 77 175 standing 789 349 70 131 standing 836 439 79 172 standing 652 345 61 147 standing 506 483 88 184 standing 534 441 41 183 standing 389 421 49 177 standing 374 409 48 176 standing 394 316 50 136 standing 269 395 49 158 standing 173 347 47 143 standing 81 382 59 177 standing
38640.jpg r_winpoint 823 361 60 164 standing 848 354 59 151 standing 817 354 47 133 standing 775 362 59 154 standing 735 359 88 151 standing 734 343 87 151 standing 477 322 86 157 standing 422 305 47 140 standing 438 376 49 159 standing 404 384 38 161 standing 363 453 56 118 standing 155 309 54 156 standing
34770.jpg r_winpoint 1174 336 80 158 standing 1088 351 93 163 standing 1036 289 54 169 standing 991 276 49 175 standing 983 358 72 161 standing 930 333 53 158 standing 714 288 56 160 standing 658 282 75 140 standing 522 392 90 163 standing 445 284 53 131 standing 290 487 98 103 falling 258 342 57 157 standing
42390.jpg r_winpoint 287 461 80 137 moving 292 393 53 137 standing 390 349 79 115 standing 567 323 48 132 standing 692 457 67 165 standing 715 422 49 178 standing 826 444 85 164 standing 822 394 94 147 standing 854 348 66 133 standing 975 431 78 161 standing 1053 387 64 168 standing 983 394 54 150 standing
36915.jpg r_winpoint 1002 390 72 151 standing 917 390 67 135 standing 899 435 49 152 standing 822 463 48 166 standing 774 403 68 149 standing 781 344 70 142 standing 506 348 72 128 standing 353 329 66 120 standing 208 501 76 120 falling 196 368 81 147 standing 582 461 54 157 standing 638 431 51 168 standing
44535.jpg r_winpoint 1016 355 68 174 standing 908 323 63 175 standing 883 482 64 96 falling 735 377 55 186 standing 691 358 66 160 standing 660 342 84 148 standing 498 491 82 78 falling 520 324 50 147 standing 535 313 61 136 standing 313 424 79 154 standing 147 357 61 174 standing 301 337 90 162 standing
43440.jpg l_winpoint 1110 376 76 154 standing 1038 309 55 154 standing 968 377 52 123 standing 906 299 62 154 standing 876 407 61 173 standing 838 354 58 170 standing 718 307 76 141 standing 644 291 86 134 standing 535 367 82 187 standing 424 404 64 166 standing 354 350 69 164 standing 424 303 48 127 standing
45885.jpg r_winpoint 816 349 80 151 standing 821 356 69 144 standing 870 354 40 137 standing 836 340 49 134 standing 800 330 62 158 standing 805 346 45 145 standing 418 390 90 163 standing 467 379 67 155 standing 479 366 39 155 standing 391 286 56 137 standing 306 375 38 142 standing 220 330 65 155 standing
60734.jpg r-pass 225 348 64 116 standing 277 315 65 124 standing 274 378 74 132 standing 348 424 60 153 standing 352 384 53 164 standing 382 254 40 129 standing 467 259 31 136 standing 516 324 96 122 standing 715 303 54 130 standing 610 440 104 108 digging 745 436 98 101 falling 892 378 99 138 standing
9361.jpg r-pass 23 326 63 135 standing 124 379 90 162 standing 140 286 45 148 standing 284 303 48 135 moving 835 373 91 161 moving 622 318 62 139 standing 502 291 42 137 standing 673 348 168 59 falling 894 349 70 120 standing 407 314 45 158 standing 397 273 52 147 standing
44230.jpg r_set 214 423 79 147 standing 104 364 66 131 standing 210 352 41 130 standing 546 421 51 142 standing 547 381 46 120 standing 567 349 35 114 standing 1043 495 102 150 moving 941 383 54 130 standing 747 373 63 116 moving 819 344 96 106 standing 998 355 54 117 standing 1043 368 43 179 setting
54580.jpg l-pass 194 392 60 110 standing 355 300 49 92 standing 299 393 72 80 falling 356 456 67 145 standing 347 404 60 105 moving 568 384 54 112 standing 1136 314 70 113 moving 989 346 42 121 standing 896 394 42 119 standing 756 333 32 110 standing 704 369 40 132 standing 714 348 32 112 standing
8317.jpg l-spike 60 334 60 139 standing 271 324 46 120 standing 302 337 61 141 standing 419 249 38 142 standing 652 354 86 105 standing 481 297 48 150 standing 523 364 60 175 blocking 534 328 54 165 blocking 346 399 111 161 jumping 983 468 71 147 digging 855 324 85 113 digging 1012 354 72 133 waiting
44510.jpg l-pass 497 481 93 92 falling 143 369 54 160 standing 331 436 68 139 standing 294 389 66 106 waiting 507 346 65 115 standing 558 354 50 127 standing 894 440 59 140 standing 960 351 51 141 standing 1122 376 47 159 standing 675 411 96 155 standing 636 351 31 146 standing 651 338 37 141 standing
44280.jpg r_spike 994 391 71 113 digging 949 459 57 120 standing 850 389 60 196 spiking 1171 485 71 130 standing 1192 428 74 121 standing 813 418 57 117 standing 295 372 67 130 standing 447 329 69 100 standing 565 328 81 109 standing 480 405 85 141 standing 746 360 33 204 blocking
18861.jpg r-pass 1080 342 48 205 digging 1055 296 70 123 standing 748 368 67 149 moving 688 342 61 138 standing 888 295 54 135 moving 1067 547 88 172 standing 255 334 109 132 standing 498 314 50 142 standing 489 385 52 154 standing 486 457 59 170 standing 45 456 80 170 standing 3 378 48 159 standing
25944.jpg r-pass 873 434 100 113 falling 887 359 55 136 standing 816 309 66 125 standing 672 403 83 148 standing 547 348 60 142 standing 493 296 83 125 moving 293 297 51 133 standing 197 385 61 147 standing 216 329 41 111 standing 103 330 52 134 standing 44 424 51 151 standing 368 350 88 131 standing
54655.jpg r-pass 800 438 106 123 standing 638 408 123 142 digging 909 365 77 140 standing 867 293 58 117 moving 146 348 83 140 standing 196 328 64 119 standing 282 420 96 147 standing 350 343 83 126 standing 398 270 43 128 standing 459 247 54 172 blocking 260 379 73 130 standing
13336.jpg r_spike 1038 381 92 102 digging 802 457 81 106 waiting 883 379 81 198 spiking 931 428 60 87 waiting 957 460 57 130 standing 388 335 52 100 standing 550 357 53 113 standing 403 445 73 140 standing 719 400 45 202 blocking 226 418 51 120 standing 710 368 71 205 blocking
53531.jpg r_spike 1053 470 87 165 standing 1116 420 80 135 standing 1091 383 55 99 standing 928 297 99 125 spiking 862 406 53 134 standing 916 385 47 129 standing 713 336 52 142 blocking 558 421 84 112 waiting 393 325 70 90 waiting 294 452 70 104 waiting 282 379 61 105 waiting
58721.jpg l_set 1205 368 72 148 standing 1071 307 58 126 standing 1048 443 57 140 standing 750 387 47 148 standing 763 352 48 136 standing 772 306 42 127 standing 638 312 39 137 standing 574 373 75 98 falling 451 263 47 142 setting 472 271 46 107 standing 413 385 56 136 standing 314 321 54 132 standing
24380.jpg l_set 940 421 66 133 standing 1024 359 49 117 standing 948 319 44 87 standing 644 380 70 119 standing 637 331 79 130 standing 654 295 49 116 standing 570 294 47 163 setting 422 374 53 120 standing 438 243 44 99 standing 230 391 81 128 standing 228 319 54 119 standing 102 401 66 92 standing
58601.jpg r-pass 975 359 84 140 moving 853 427 70 133 moving 761 282 65 112 standing 628 416 44 161 digging 719 496 107 175 standing 683 313 85 123 standing 421 424 60 161 standing 439 368 54 154 standing 468 337 28 151 standing 237 321 51 135 standing 166 364 70 142 moving 81 396 50 161 standing
58566.jpg r_set 996 455 54 150 standing 998 354 74 154 standing 869 324 74 121 moving 670 302 76 156 setting 514 424 47 170 blocking 517 424 62 150 standing 434 317 47 133 standing 408 393 86 145 standing 354 445 54 158 standing 300 403 62 154 standing 319 356 68 105 standing 107 361 52 121 standing
35779.jpg l_set 1179 306 44 150 standing 969 341 91 102 waiting 913 472 117 142 waiting 653 409 60 145 standing 634 351 66 159 standing 643 299 54 133 standing 440 346 63 175 setting 438 328 107 152 standing 364 246 55 118 standing 294 318 43 130 standing 82 345 99 145 moving 145 473 133 176 moving
55454.jpg r-pass 884 340 63 137 standing 814 425 81 132 digging 819 303 52 118 standing 534 413 97 122 standing 482 305 47 157 blocking 496 308 63 114 standing 281 425 72 165 standing 374 343 48 121 standing 384 260 45 126 standing 278 322 61 113 standing 233 402 59 120 standing 141 379 50 129 standing
35439.jpg r-pass 873 444 98 114 falling 883 312 72 123 standing 598 429 99 157 standing 586 308 67 158 standing 1017 371 92 127 falling 113 345 55 159 standing 254 392 70 140 standing 223 317 76 155 standing 399 419 54 180 standing 419 376 46 142 standing 531 298 52 157 standing
44490.jpg l-spike 1135 387 62 157 standing 970 355 61 123 standing 896 441 81 140 standing 652 421 55 148 standing 615 294 52 187 blocking 623 288 56 146 blocking 534 404 52 148 standing 555 294 48 153 spiking 445 320 90 128 standing 314 410 48 162 standing 268 331 41 149 standing 105 374 78 151 standing
13456.jpg l-spike 1108 422 73 139 standing 904 335 84 107 digging 886 488 107 126 waiting 712 414 62 133 standing 581 256 37 173 blocking 441 367 60 107 waiting 432 254 71 133 spiking 308 406 48 143 standing 306 347 47 118 standing 389 444 65 161 moving 225 320 86 118 moving
59675.jpg r_spike 1014 385 83 136 standing 1046 348 51 83 standing 903 301 68 157 spiking 829 425 94 142 standing 811 381 60 140 standing 858 288 70 107 standing 306 426 62 123 standing 274 351 60 111 standing 421 312 56 96 standing 694 309 51 195 blocking 713 299 41 189 blocking
9156.jpg l_set 939 307 47 97 digging 626 368 65 124 standing 632 330 50 99 standing 647 313 50 97 standing 429 351 50 175 setting 392 246 45 105 standing 201 381 43 131 standing 196 312 69 111 standing 81 325 74 133 moving 947 429 92 137 waiting 471 305 66 153 jumping 1073 345 61 130 digging
13406.jpg l-pass 286 358 51 147 standing 419 374 62 115 digging 477 507 84 158 moving 687 379 55 131 waiting 458 417 56 162 standing 514 287 71 100 standing 1186 453 87 156 standing 869 418 54 155 standing 861 370 40 145 standing 871 353 49 98 standing 1200 345 73 120 standing
55594.jpg l-pass 131 381 58 137 standing 139 488 92 151 moving 186 317 79 117 digging 253 338 79 132 standing 409 395 75 145 standing 536 424 58 160 standing 581 362 37 148 standing 622 334 57 131 standing 804 423 46 142 standing 848 357 57 132 standing 822 327 53 100 standing 305 290 43 112 standing
9231.jpg l-pass 940 320 61 132 standing 816 407 87 142 standing 758 266 66 120 standing 536 342 55 155 standing 519 292 49 139 standing 526 270 43 127 standing 394 314 68 157 standing 440 268 55 144 standing 338 251 58 141 digging 248 362 58 166 standing 108 342 80 133 standing 75 283 54 138 standing
24425.jpg r-pass 945 423 74 178 moving 889 332 75 125 digging 865 323 82 106 standing 678 315 68 127 moving 578 402 57 131 standing 556 443 120 151 standing 430 475 75 173 moving 469 287 43 134 moving 412 342 57 131 standing 381 408 65 130 standing 297 324 44 150 standing 151 337 57 125 standing
18706.jpg r_set 1070 335 44 182 setting 1019 513 102 162 moving 979 372 66 111 standing 812 387 54 134 standing 689 348 46 116 standing 630 373 66 125 standing 462 366 54 170 standing 454 442 48 144 standing 186 330 57 105 standing 38 387 75 127 standing 63 467 71 141 standing
18756.jpg r_spike 203 473 74 149 digging 203 405 61 128 digging 471 350 53 117 standing 717 387 49 197 blocking 707 352 56 183 blocking 783 472 75 105 waiting 883 430 88 152 spiking 918 409 63 121 standing 963 423 94 157 standing 1023 396 60 111 digging
3656.jpg r_spike 1061 429 128 144 moving 936 395 54 130 standing 926 286 37 106 moving 932 348 59 89 standing 885 476 64 142 standing 801 365 116 138 spiking 694 329 46 67 standing 452 327 77 89 standing 341 440 62 132 standing 245 367 57 127 standing 692 333 51 128 blocking 691 416 43 161 standing
62018.jpg r_spike 1007 394 64 145 standing 897 427 67 158 standing 727 414 131 164 standing 731 399 52 180 standing 774 342 69 150 standing 785 290 61 135 standing 450 318 92 112 digging 177 484 77 126 digging 221 382 103 103 standing 651 384 79 196 blocking 651 345 72 183 blocking 621 377 49 133 standing
8097.jpg r_set 659 267 43 178 setting 763 349 58 147 moving 1012 288 98 137 standing 1022 347 90 150 standing 908 408 88 160 moving 900 489 133 170 moving 558 314 64 176 standing 532 420 66 162 standing 313 299 50 117 standing 172 424 62 158 standing 56 332 62 137 standing
24645.jpg l-pass 773 338 97 148 standing 1004 393 79 152 standing 910 415 64 182 standing 907 345 71 139 standing 983 323 58 112 waiting 578 361 97 148 standing 409 302 50 120 standing 143 428 114 97 falling 708 257 43 137 standing 793 263 107 118 standing 301 384 74 127 digging
53856.jpg r_set 791 249 37 149 setting 760 350 74 143 standing 1026 336 90 127 moving 975 303 48 124 standing 982 405 46 119 standing 956 454 100 163 moving 585 337 53 160 standing 563 404 70 148 standing 331 314 64 113 standing 183 424 89 141 standing 184 345 57 144 standing
53476.jpg r-pass 1161 449 81 157 moving 1020 525 78 151 digging 983 360 44 121 standing 946 320 40 101 standing 712 427 43 150 standing 603 362 59 124 standing 471 348 34 128 standing 459 423 41 145 standing 196 319 45 106 standing 6 385 57 116 standing 60 439 75 135 standing
54710.jpg l-spike 926 375 65 152 standing 851 344 71 125 standing 810 441 64 139 standing 743 469 70 169 standing 563 376 115 117 standing 558 317 77 128 standing 168 308 56 139 standing 366 296 56 128 standing 226 370 69 121 standing 234 436 90 132 standing 412 381 79 204 jumping 453 377 62 144 standing
25924.jpg l-spike 304 233 80 139 spiking 419 365 77 114 standing 211 342 65 118 standing 79 433 56 161 standing 124 399 71 131 standing 157 320 58 122 standing 543 263 47 116 blocking 549 334 50 120 standing 897 432 80 124 waiting 688 410 84 133 standing 880 320 62 103 standing 978 376 86 122 standing
58676.jpg l-pass 1106 337 63 142 standing 1071 312 41 130 standing 998 417 55 142 standing 869 308 49 133 standing 806 359 55 148 standing 773 407 49 156 standing 671 295 51 108 moving 701 310 54 128 standing 392 335 92 97 standing 371 414 75 148 moving 299 365 96 111 moving 543 411 55 117 falling
60689.jpg l_set 628 302 58 114 standing 614 400 58 155 standing 620 353 56 84 standing 1018 363 60 126 standing 920 314 47 102 standing 883 434 67 127 standing 391 352 81 134 moving 360 270 49 102 moving 206 478 93 169 moving 528 329 58 161 setting 253 363 44 110 falling 197 382 64 131 moving
53736.jpg l_set 249 392 61 156 setting 598 317 38 123 standing 575 376 44 133 standing 547 442 55 161 standing 1060 373 58 154 standing 826 339 77 103 standing 883 454 52 142 standing 449 366 41 145 standing 292 481 74 175 moving 170 493 89 150 standing 247 280 58 103 moving 88 368 74 144 standing
59590.jpg r-pass 756 405 76 125 digging 919 346 52 90 standing 957 371 55 111 standing 945 448 60 97 falling 626 331 73 107 standing 713 448 45 153 standing 493 341 35 124 standing 520 357 38 119 standing 504 393 54 134 standing 196 339 61 105 moving 283 383 43 113 standing 163 378 58 102 waiting
44450.jpg l-pass 499 403 82 97 waiting 597 401 57 154 standing 596 417 60 161 standing 696 347 105 117 standing 440 344 77 130 standing 450 438 88 130 falling 261 454 74 173 standing 121 288 51 141 standing 112 391 65 148 standing 975 366 97 114 standing 1144 417 68 144 standing 1003 463 71 151 standing
13286.jpg r_set 52 400 63 114 standing 94 453 57 131 standing 245 348 49 99 standing 1030 485 74 147 standing 888 364 55 101 standing 763 384 60 111 standing 630 363 49 111 standing 1045 377 38 170 setting 1027 370 74 114 standing 466 429 37 137 standing 463 400 43 114 standing 480 368 29 128 standing
53886.jpg r_spike 1160 377 57 141 jumping 1098 353 63 113 standing 957 297 61 110 moving 894 423 91 97 digging 936 410 127 182 spiking 752 414 65 179 standing 696 353 66 102 standing 501 322 75 96 standing 349 367 97 110 standing 297 445 63 119 standing 1063 427 79 134 standing
62013.jpg r_spike 737 413 49 159 standing 805 284 44 136 standing 1017 390 54 142 digging 927 429 55 153 standing 755 345 75 148 standing 771 416 80 172 jumping 636 367 51 151 moving 653 341 77 235 blocking 452 319 96 108 digging 223 380 103 105 standing 179 481 86 127 standing
18981.jpg l_set 578 370 55 137 standing 553 356 65 198 setting 722 328 55 97 standing 700 369 72 156 standing 721 429 57 148 standing 1047 358 65 103 standing 982 491 116 141 standing 408 284 65 110 moving 369 506 92 168 moving 212 363 60 141 standing 165 420 74 167 standing
24610.jpg r_set 127 347 65 141 standing 345 290 66 120 standing 246 408 105 145 standing 830 229 35 184 setting 605 388 43 165 standing 601 342 44 139 standing 745 362 63 141 standing 630 264 43 141 standing 957 501 100 187 moving 1070 408 69 165 standing 1085 346 89 139 standing 873 231 77 131 moving
24480.jpg r_set 865 247 67 112 moving 743 368 81 136 standing 918 494 136 184 moving 1043 389 81 177 standing 1008 320 90 135 moving 734 229 43 163 setting 623 256 43 158 standing 594 348 53 151 standing 560 402 47 173 standing 357 290 53 127 standing 286 396 99 135 standing 135 345 75 143 standing
62088.jpg r_set 248 454 94 129 waiting 175 358 56 131 standing 400 292 56 114 standing 583 402 56 152 standing 634 423 52 152 standing 659 331 43 137 standing 1117 371 111 133 moving 1015 426 58 158 standing 857 480 80 190 moving 767 384 56 165 standing 932 293 73 97 moving 842 342 50 203 setting
35549.jpg l-pass 716 299 56 91 standing 707 346 69 101 standing 706 396 82 158 standing 622 410 80 153 standing 406 262 58 111 standing 391 318 92 145 standing 277 325 43 122 standing 277 461 77 185 standing 247 391 95 147 digging 1025 327 67 123 standing 1010 438 79 164 standing 1238 371 41 116 standing
55439.jpg l-spike 990 347 50 143 standing 870 443 86 137 standing 575 427 60 131 standing 582 300 39 79 standing 564 332 54 101 blocking 219 387 47 146 standing 268 314 56 128 moving 344 373 62 137 standing 408 285 45 133 spiking 910 313 54 101 standing 292 463 71 165 moving
35669.jpg r-pass 144 390 62 165 standing 150 315 50 137 standing 376 391 62 186 standing 417 314 37 158 standing 427 275 41 154 standing 745 360 97 56 falling 932 281 39 135 digging 845 374 54 141 standing 614 252 69 150 standing 739 480 118 193 moving 489 429 84 186 standing 3 355 24 178 standing
8157.jpg l-spike 762 303 41 102 moving 631 306 72 220 spiking 887 416 51 145 standing 828 324 51 136 standing 742 389 41 153 standing 1108 365 91 154 standing 1014 317 61 125 standing 624 425 60 150 standing 574 377 72 133 digging 403 324 58 120 standing 426 397 80 147 standing 208 353 49 154 standing
13361.jpg l_set 536 332 71 119 standing 225 427 66 136 standing 451 407 52 192 setting 389 350 66 103 standing 759 465 49 150 standing 742 434 60 151 standing 1001 451 66 134 standing 973 401 65 119 moving 1106 377 79 116 standing 842 471 61 165 standing 861 411 60 154 standing
60924.jpg l_set 228 503 111 181 moving 348 327 60 167 setting 297 409 57 125 standing 434 289 48 134 standing 479 262 51 117 moving 602 338 54 147 standing 749 408 55 164 standing 752 365 52 142 standing 770 306 46 125 standing 1067 446 52 156 standing 1071 303 58 122 standing 1092 371 88 130 standing
7917.jpg l-pass 302 240 44 126 digging 570 221 52 119 standing 536 258 66 136 standing 238 277 52 127 standing 271 362 50 131 standing 644 348 74 148 standing 790 295 63 115 standing 777 317 50 147 standing 801 348 50 145 standing 1215 345 64 177 standing 1083 316 62 132 standing
62038.jpg r-pass 205 442 91 137 moving 293 367 59 123 standing 482 317 55 116 standing 570 385 72 133 standing 586 444 59 151 standing 633 453 47 175 standing 821 475 83 113 falling 714 432 47 182 standing 808 353 79 127 standing 746 321 85 125 standing 995 395 67 144 standing 748 437 50 106 digging
60844.jpg r_spike 1023 273 87 181 spiking 1098 413 80 149 standing 968 314 41 137 standing 870 398 105 157 standing 835 384 56 153 standing 686 302 57 167 standing 669 334 39 148 standing 678 366 47 143 standing 362 297 62 110 standing 161 390 61 125 standing 215 433 82 140 standing
55639.jpg l_set 177 510 76 172 moving 232 404 54 134 standing 212 311 54 116 moving 329 283 52 99 moving 370 326 57 167 setting 860 448 54 138 standing 914 356 64 130 standing 882 331 48 102 standing 554 440 52 157 standing 567 382 49 106 standing 567 325 56 120 standing
18766.jpg l-pass 489 341 83 148 digging 693 356 91 242 blocking 1014 385 92 120 standing 923 429 69 93 waiting 973 464 51 133 standing 806 463 59 91 waiting 840 474 110 161 standing 205 405 73 126 digging 199 479 54 146 standing
35479.jpg r-pass 1039 339 110 136 moving 844 349 57 125 standing 758 312 57 119 standing 654 341 58 161 standing 748 490 173 61 falling 676 540 187 71 falling 531 331 43 173 standing 504 412 60 162 standing 410 302 83 148 standing 238 343 57 116 standing 227 425 85 164 standing 103 345 57 168 standing
26104.jpg l-spike 104 380 60 165 standing 346 397 60 137 standing 339 328 70 118 moving 481 396 58 159 standing 444 263 67 171 spiking 542 408 53 126 standing 617 282 56 183 blocking 732 424 94 148 standing 1040 444 75 150 standing 1015 361 59 112 standing 910 341 53 103 standing
24625.jpg r_spike 941 470 90 188 moving 1033 397 60 134 standing 977 349 52 117 standing 886 296 67 132 standing 149 366 76 129 waiting 297 399 83 160 standing 609 387 67 150 standing 685 260 34 92 standing 661 316 40 102 standing 821 217 80 134 spiking 347 296 61 110 standing 744 291 97 174 jumping
58411.jpg r_set 279 330 51 89 standing 155 441 60 111 standing 111 383 60 107 standing 637 406 72 127 standing 803 490 82 155 moving 798 360 78 111 moving 877 349 40 102 standing 659 312 46 146 setting 495 414 44 124 standing 506 376 44 127 standing 517 347 35 110 standing 1044 335 68 104 moving
35409.jpg l_set 533 307 84 130 standing 573 345 70 138 setting 673 307 60 136 standing 688 397 60 126 standing 980 343 70 96 waiting 912 432 68 137 standing 237 359 125 85 falling 241 393 65 133 standing 263 473 123 163 moving 135 323 73 120 moving 1138 367 69 132 digging
7967.jpg l_set 353 358 62 184 setting 423 221 39 118 standing 513 314 65 141 standing 279 295 67 130 moving 163 290 89 127 moving 167 361 47 133 standing 728 305 55 104 standing 722 317 40 139 standing 717 352 57 143 standing 1054 294 59 116 standing 1045 423 82 146 standing 1241 339 34 148 standing
59765.jpg l_set 512 321 54 141 standing 393 336 44 184 setting 280 353 99 133 moving 324 488 93 172 moving 356 319 42 129 standing 446 291 57 97 moving 960 442 70 145 standing 1057 372 60 132 standing 966 322 54 102 standing 647 437 56 136 standing 660 379 49 105 standing 664 298 49 115 standing
8287.jpg l_set 261 475 96 161 moving 1155 348 62 146 standing 978 308 64 118 standing 684 412 54 137 standing 671 335 54 129 standing 679 303 48 77 standing 465 306 47 176 setting 506 278 71 165 standing 415 249 56 105 moving 283 289 71 99 moving 126 282 67 111 moving 1004 440 74 154 waiting
54610.jpg l_set 1006 354 49 130 standing 900 434 68 125 standing 655 314 54 127 standing 649 347 54 127 standing 635 421 57 147 standing 546 354 58 151 setting 459 364 51 110 standing 407 278 40 96 moving 244 377 89 52 falling 293 479 102 148 moving 203 369 58 139 standing 1016 312 40 110 standing
24555.jpg r-pass 192 335 45 161 standing 289 396 56 146 standing 333 300 48 116 standing 621 399 60 163 standing 621 263 50 133 standing 653 300 47 129 standing 811 432 47 167 digging 794 351 60 126 moving 854 314 64 122 standing 795 283 75 133 standing 1040 440 77 158 standing 1059 345 69 139 standing
55524.jpg r-pass 519 399 79 196 digging 972 420 63 116 standing 900 354 66 152 standing 796 329 52 137 standing 628 322 58 112 moving 602 412 60 144 standing 467 411 39 96 standing 450 384 57 221 blocking 438 322 47 139 standing 231 332 67 124 standing 125 448 121 131 standing 61 372 65 122 standing
72167.jpg l-pass 316 319 54 106 digging 354 375 57 137 standing 576 402 58 111 standing 309 465 91 151 standing 254 342 51 92 digging 195 379 61 123 standing 742 335 34 131 standing 689 336 52 151 standing 710 374 51 144 standing 1083 309 82 114 standing 1006 364 40 134 standing 897 394 43 127 standing
8177.jpg r-pass 1106 394 128 120 falling 1071 325 55 116 digging 945 425 128 156 standing 836 332 70 127 standing 762 321 49 131 standing 743 395 64 155 standing 626 335 41 131 standing 569 374 68 172 standing 563 440 77 158 standing 426 311 44 128 standing 448 385 51 154 standing 192 344 72 147 standing
60719.jpg l-spike 919 376 67 130 standing 780 299 71 121 moving 815 413 92 125 standing 600 393 66 146 moving 482 325 83 140 standing 507 216 34 142 blocking 397 196 49 155 spiking 258 312 45 105 standing 256 359 50 114 moving 333 434 68 167 moving 360 368 45 98 standing 385 393 61 151 standing
3736.jpg r_set 183 355 55 149 standing 307 454 102 139 standing 439 303 60 114 standing 988 518 86 182 moving 652 424 46 161 standing 655 372 53 125 standing 680 288 49 121 standing 837 382 53 184 setting 944 294 49 182 setting 1066 413 81 175 standing 1077 351 77 135 standing 959 277 56 102 standing
58456.jpg l-pass 419 319 54 105 standing 252 434 93 120 standing 260 363 68 132 digging 569 422 79 126 standing 708 318 40 142 standing 683 349 48 138 standing 764 324 37 128 standing 747 382 47 145 standing 739 426 64 153 standing 900 367 48 137 standing 985 401 43 134 standing 1091 370 57 134 standing
35494.jpg r-pass 66 351 85 158 standing 176 444 92 160 moving 226 330 54 116 standing 434 311 72 133 standing 507 398 74 169 standing 536 338 58 158 standing 723 496 152 92 falling 728 469 148 84 falling 641 376 113 131 digging 1044 322 65 151 standing 801 348 68 133 standing 774 291 64 133 standing
61913.jpg l-pass 237 425 54 154 standing 267 378 54 141 digging 265 309 60 122 standing 434 426 82 153 standing 436 239 40 123 standing 516 329 60 142 standing 1054 434 61 145 standing 1057 340 66 137 standing 747 419 86 156 standing 786 326 66 119 standing 740 366 72 137 standing
18931.jpg l-pass 160 436 122 133 digging 252 347 71 128 standing 494 441 115 149 standing 581 333 86 130 standing 753 433 37 146 standing 759 399 47 130 standing 1090 463 65 142 standing 1007 388 71 137 standing 840 396 46 148 standing 860 366 43 144 standing 873 339 42 134 standing
8127.jpg r_set 761 415 83 200 setting 873 426 62 147 standing 1040 392 70 121 standing 997 311 58 137 standing 808 255 44 121 jumping 767 322 79 140 standing 377 300 62 111 standing 188 330 56 142 standing 201 431 114 154 moving 645 333 49 95 moving 668 345 60 217 blocking
35634.jpg r_spike 919 444 67 163 moving 930 327 84 149 standing 763 277 77 154 standing 581 340 79 135 standing 446 459 74 151 standing 459 410 56 151 standing 366 433 56 172 standing 343 349 60 144 standing 371 305 60 154 standing 380 254 44 144 standing 161 344 58 146 standing 41 391 58 182 standing
35374.jpg l-pass 1176 311 49 135 standing 996 340 63 90 waiting 910 444 74 114 waiting 708 368 49 140 standing 707 340 35 133 standing 720 312 39 102 standing 595 368 55 118 standing 480 298 81 105 standing 303 351 79 65 digging 376 410 56 142 standing 220 383 76 119 standing 253 311 42 128 standing
24500.jpg r_spike 1077 394 82 152 standing 935 340 88 120 standing 837 293 47 133 standing 833 198 80 143 spiking 724 200 41 180 blocking 207 361 71 139 standing 374 389 90 137 standing 702 315 37 154 standing 646 393 60 167 standing 801 286 57 165 jumping 949 463 79 175 moving 394 294 68 114 moving
59635.jpg r_set 1012 370 45 129 standing 949 326 48 104 standing 842 455 51 158 standing 854 350 31 114 standing 768 375 51 118 standing 585 392 60 122 standing 597 360 31 138 standing 607 341 34 115 standing 359 302 48 102 standing 278 421 54 121 standing 253 361 39 116 standing 702 264 29 147 setting
61948.jpg r_set 1023 349 84 142 standing 843 484 87 179 standing 914 431 52 137 standing 776 382 58 178 setting 781 298 64 134 standing 564 322 52 143 standing 441 416 57 159 standing 461 354 63 153 standing 439 294 49 142 standing 229 303 57 131 standing 154 368 82 132 standing 92 438 80 148 standing
25809.jpg l-pass 326 302 43 101 digging 587 402 75 109 standing 523 280 47 116 standing 527 339 43 112 standing 302 405 60 129 standing 273 355 50 90 standing 701 323 90 99 standing 723 352 50 146 standing 961 349 39 114 standing 1093 357 30 133 standing 1166 370 62 135 moving
35589.jpg l_set 421 252 60 117 moving 343 320 48 137 standing 225 371 102 155 standing 517 303 77 180 setting 579 314 60 191 setting 679 303 61 107 standing 677 354 61 106 standing 688 422 59 141 standing 1003 346 119 96 waiting 950 476 95 139 waiting 1170 383 106 127 waiting 309 509 90 189 moving
55549.jpg r-pass 584 341 122 117 digging 755 349 94 123 digging 909 360 49 134 standing 923 423 75 137 standing 611 410 89 142 standing 535 458 66 175 moving 445 345 43 117 standing 459 385 46 144 standing 425 456 75 175 standing 269 340 69 130 standing 212 439 58 134 standing 70 384 49 137 standing
3786.jpg r-pass 1197 393 68 137 standing 1062 331 72 130 standing 1046 407 58 167 standing 881 432 83 184 standing 869 380 57 144 standing 869 315 80 133 digging 711 417 88 179 standing 753 402 43 187 standing 635 332 102 134 standing 470 420 66 159 standing 432 293 75 120 standing 256 325 68 159 standing
18816.jpg r_set 904 255 66 204 setting 1041 369 76 117 standing 890 397 76 150 standing 932 436 94 160 standing 943 494 54 153 standing 745 348 66 134 standing 575 372 55 108 standing 567 409 50 157 standing 578 456 49 170 standing 343 342 99 130 standing 70 389 66 136 standing 143 446 66 157 standing
53551.jpg l-pass 1120 422 58 131 standing 1101 392 43 97 waiting 1008 454 65 161 standing 992 395 41 99 standing 859 377 58 94 standing 855 419 88 120 standing 345 446 75 107 digging 333 370 43 111 standing 443 329 48 90 digging 601 419 69 112 standing 767 327 47 160 blocking 800 329 33 135 standing
59790.jpg l-spike 959 356 76 133 standing 915 458 119 147 moving 818 321 72 112 standing 611 319 51 123 standing 538 352 46 175 blocking 513 362 67 200 blocking 334 375 65 128 standing 228 429 77 119 standing 318 356 79 114 standing 422 340 63 126 standing 450 272 53 135 standing 363 375 70 198 spiking
18911.jpg r_spike 1163 438 92 153 moving 983 410 68 117 standing 851 353 92 201 jumping 817 403 69 124 standing 879 343 65 121 standing 740 356 28 219 blocking 729 338 55 186 blocking 592 338 74 130 standing 450 440 64 163 standing 301 341 84 110 standing 147 422 68 144 waiting
24395.jpg l-spike 922 441 65 135 standing 948 370 104 109 standing 920 327 42 91 standing 588 351 44 195 blocking 611 357 35 133 standing 627 311 58 83 standing 423 359 79 146 spiking 521 340 60 130 standing 436 251 70 118 standing 279 394 81 133 moving 313 330 56 119 standing 76 363 63 121 standing
44295.jpg l-pass 1176 447 57 175 standing 1211 429 64 124 standing 943 441 62 143 standing 987 365 73 137 standing 823 405 52 149 moving 799 501 60 141 standing 742 422 49 176 standing 507 398 62 141 standing 558 323 79 119 digging 428 330 92 109 standing 304 370 88 122 standing
55664.jpg l-spike 937 477 86 122 standing 950 373 69 122 standing 842 337 88 106 digging 634 342 52 96 moving 542 363 49 223 blocking 484 335 52 139 standing 454 273 51 119 standing 374 411 69 178 spiking 328 457 57 125 digging 333 418 49 136 standing 318 338 69 119 standing 561 360 44 184 blocking
44430.jpg l-spike 1252 406 23 130 standing 1084 379 63 118 standing 822 361 65 126 standing 703 364 70 182 blocking 693 352 48 186 blocking 612 389 56 130 standing 474 362 79 177 jumping 481 334 74 133 standing 292 437 51 156 standing 183 376 93 154 standing 160 271 51 123 moving 1139 492 67 149 waiting
26044.jpg l-pass 576 482 102 102 falling 417 499 160 77 falling 423 330 54 111 standing 592 309 79 140 standing 703 369 58 147 standing 1094 429 68 164 standing 814 417 60 170 standing 1001 361 85 142 standing 966 338 62 130 standing 840 383 70 147 standing 837 309 60 132 standing 296 372 70 145 digging
8217.jpg r_spike 1035 382 150 87 falling 872 480 108 184 moving 833 323 69 134 moving 972 395 81 174 standing 1072 293 111 133 moving 330 387 56 165 standing 424 306 51 115 standing 231 340 75 147 standing 603 415 68 169 standing 613 345 65 152 standing 658 300 39 127 standing 729 253 70 171 jumping
58516.jpg l_set 1101 468 60 144 standing 1092 327 50 121 standing 758 454 63 144 standing 772 384 54 106 standing 775 314 53 112 standing 621 336 46 141 standing 513 284 72 103 moving 423 293 56 128 standing 355 342 72 105 moving 316 300 37 155 setting
44370.jpg l-pass 1246 407 30 134 standing 941 502 61 170 standing 962 424 37 146 standing 955 370 48 130 standing 793 425 52 159 standing 620 369 67 142 standing 474 508 65 164 standing 423 432 77 152 standing 350 382 56 155 standing 408 244 48 151 digging
55384.jpg l-pass 1191 312 88 121 standing 1085 347 64 133 standing 925 387 60 133 standing 795 336 47 135 standing 723 369 41 148 standing 717 345 54 139 standing 589 391 54 129 standing 382 277 52 117 standing 395 447 54 162 standing 309 347 54 141 digging 222 388 58 125 digging 340 410 74 145 moving
35739.jpg l-pass 1146 289 63 87 falling 1011 305 59 131 standing 982 425 74 168 standing 679 392 42 164 standing 660 357 36 161 standing 664 295 38 119 standing 298 428 77 173 digging 496 450 97 168 standing 388 321 76 153 standing 391 249 48 113 standing 262 322 45 126 standing 30 360 73 161 standing
35614.jpg l-spike 1034 504 106 157 standing 1103 371 70 142 standing 880 362 96 95 waiting 638 340 77 110 moving 571 357 50 215 blocking 594 358 49 175 standing 401 385 91 217 spiking 506 370 59 140 standing 533 330 37 140 standing 446 250 57 142 standing 296 354 52 127 standing 213 386 65 163 standing
53796.jpg r-pass 938 350 71 136 digging 849 436 85 125 waiting 680 319 70 121 standing 561 374 81 127 standing 493 295 73 159 blocking 237 399 71 129 standing 241 333 50 98 standing 321 410 100 147 standing 155 350 43 132 standing 383 376 73 113 waiting 415 320 54 116 standing
61788.jpg l-pass 1206 334 65 132 standing 944 409 40 126 standing 959 298 34 120 standing 681 393 56 141 standing 703 343 50 108 standing 749 326 35 120 standing 568 365 45 120 standing 481 298 52 111 standing 330 445 50 147 standing 352 294 54 107 standing 245 390 60 113 standing 273 342 47 77 digging
3686.jpg r-pass 993 427 91 154 digging 1004 345 75 128 standing 800 497 105 158 standing 868 412 79 156 standing 843 320 82 122 standing 724 381 55 153 standing 739 417 41 164 standing 598 335 89 99 standing 450 326 69 105 moving 389 487 75 105 falling 248 384 83 150 standing 980 392 75 117 standing
26004.jpg r_spike 1137 395 117 139 moving 930 351 65 131 moving 838 479 78 140 standing 818 308 74 148 standing 738 326 79 134 spiking 849 281 49 96 moving 596 423 41 156 standing 625 322 49 194 blocking 625 298 54 131 standing 344 311 54 107 standing 198 455 87 134 standing 153 377 63 137 standing
53776.jpg l-spike 380 267 69 117 spiking 413 390 71 103 waiting 265 338 55 114 standing 185 391 44 144 standing 182 424 106 144 moving 307 440 65 159 standing 500 315 66 144 standing 580 396 65 117 standing 795 319 75 97 digging 1011 372 52 144 standing 902 455 85 137 standing
25879.jpg l-pass 228 412 63 144 digging 263 425 55 142 standing 589 326 44 121 standing 539 256 38 103 standing 287 305 70 119 standing 349 334 35 112 standing 761 312 47 91 standing 772 340 31 123 standing 786 399 47 131 standing 1086 323 61 100 standing 1045 439 83 143 standing 1226 369 52 123 standing
8312.jpg l-spike 1030 358 77 127 standing 870 323 76 112 digging 998 471 57 145 digging 641 339 64 112 moving 544 367 60 182 blocking 555 360 59 160 blocking 503 297 38 130 standing 421 245 39 136 standing 340 377 101 185 spiking 316 341 68 140 standing 281 317 49 113 standing 73 325 55 133 moving
59710.jpg l-pass 343 336 51 139 digging 455 295 71 119 standing 468 401 99 131 standing 751 339 57 89 moving 763 386 65 116 moving 711 359 52 113 moving 929 352 44 133 moving 839 374 54 141 standing 824 412 52 148 standing 1085 375 79 141 standing 1043 312 68 119 standing 1098 371 61 120 standing
9326.jpg l-spike 1086 378 69 144 standing 903 293 88 110 digging 884 433 109 128 digging 635 364 90 122 standing 539 259 48 157 blocking 543 229 46 153 blocking 436 317 62 139 standing 375 172 41 177 spiking 275 272 46 122 standing 177 297 64 142 standing 100 370 94 138 standing 67 337 59 107 standing
60864.jpg l-pass 396 287 60 131 standing 222 376 68 138 standing 715 386 54 173 standing 752 309 56 151 standing 647 316 64 155 standing 1082 418 61 142 standing 1164 235 53 125 standing 984 373 75 134 waiting 983 329 60 120 standing 860 402 86 157 standing 319 427 68 140 digging 858 384 54 170 standing
53616.jpg l_set 392 280 38 153 setting 576 354 42 142 standing 513 284 45 111 standing 192 376 92 115 moving 308 424 53 134 standing 329 508 69 180 standing 785 348 34 119 standing 754 361 46 134 standing 718 443 61 157 standing 942 328 57 111 standing 1066 440 54 138 standing 1232 380 45 134 standing
61983.jpg r_set 655 290 49 179 setting 828 278 68 97 moving 716 418 92 147 standing 1070 369 97 147 moving 969 414 72 147 standing 878 527 120 192 moving 593 317 40 141 standing 577 367 43 156 standing 556 426 60 147 standing 354 320 85 103 standing 165 463 92 130 standing 88 391 69 131 standing
62118.jpg r_spike 1034 392 58 134 standing 913 418 51 168 standing 894 341 69 119 standing 807 235 72 148 spiking 816 459 75 184 standing 747 376 54 156 standing 688 222 48 181 blocking 641 308 54 173 blocking 551 417 68 151 moving 268 438 61 130 waiting 136 407 65 125 waiting 323 302 72 100 standing
58646.jpg r_spike 809 234 57 154 spiking 946 299 51 114 standing 974 338 71 140 moving 910 419 53 137 standing 780 373 75 133 standing 758 460 65 141 standing 623 266 42 175 blocking 598 291 63 175 blocking 408 418 89 128 standing 270 311 54 106 standing 187 466 85 117 waiting 116 383 60 120 standing
60659.jpg l-pass 292 396 92 61 falling 567 373 61 130 standing 442 308 60 113 standing 354 301 58 96 standing 213 401 57 97 waiting 269 463 54 172 standing 743 322 34 127 standing 699 340 54 141 standing 687 396 54 148 standing 974 303 40 131 standing 958 428 46 122 standing 1240 343 37 127 standing
9191.jpg l-spike 958 353 56 138 standing 816 413 94 130 digging 812 288 79 111 digging 541 358 64 113 standing 489 212 37 174 blocking 234 403 53 160 standing 99 305 71 134 standing 163 359 53 124 standing 309 304 54 121 standing 400 343 60 138 standing 362 212 47 119 spiking
8332.jpg l-pass 976 443 66 165 standing 993 359 66 137 standing 823 314 116 130 standing 642 361 82 97 standing 528 402 54 161 standing 511 466 57 150 standing 425 281 48 133 standing 439 316 72 141 standing 407 452 71 150 standing 238 411 88 77 falling 241 344 82 114 standing 39 374 83 145 standing
9291.jpg l_set 202 297 56 192 setting 283 246 60 123 standing 406 226 41 117 standing 417 279 50 148 standing 77 309 84 139 moving 966 290 72 111 digging 953 422 92 158 standing 630 304 62 172 standing 642 356 56 148 standing 1201 347 58 150 standing
53656.jpg l-spike 448 437 79 88 waiting 377 396 101 176 spiking 348 322 48 116 standing 290 459 75 130 standing 243 371 69 100 standing 201 421 80 120 standing 547 367 66 223 blocking 559 343 60 199 blocking 852 343 83 111 standing 1057 380 82 141 standing 996 483 106 140 standing
59805.jpg l-pass 906 360 80 131 standing 833 449 42 142 standing 743 326 88 107 standing 601 340 65 111 standing 501 394 46 126 jumping 486 433 34 157 standing 356 455 57 149 standing 390 341 38 142 standing 419 294 49 126 standing 254 367 99 130 setting 249 356 99 115 standing 159 434 57 126 standing
54640.jpg l-spike 960 353 71 140 standing 888 286 52 117 standing 860 424 69 136 moving 611 413 84 125 standing 515 255 47 164 blocking 527 239 35 167 blocking 418 223 50 134 spiking 417 351 65 104 standing 386 391 94 113 standing 323 441 52 137 standing 209 365 65 132 moving 176 319 90 116 moving
3646.jpg r_set 197 356 51 130 standing 280 444 72 125 standing 437 319 43 103 standing 939 465 85 151 moving 1113 430 99 137 moving 948 342 46 114 standing 908 276 48 94 moving 634 426 37 145 standing 655 315 40 89 standing 629 398 44 130 standing 803 384 51 165 standing 843 324 61 165 setting
8007.jpg l-spike 869 313 84 105 digging 872 442 94 128 digging 624 381 58 126 standing 427 373 75 154 standing 336 354 52 124 standing 348 224 69 129 spiking 199 298 56 137 standing 526 241 58 193 blocking 1004 395 77 128 waiting 30 472 89 173 moving 130 370 72 128 moving
8237.jpg l-spike 377 231 65 196 setting 593 280 74 109 standing 569 334 93 133 standing 375 362 65 165 standing 224 324 63 128 moving 717 298 35 144 standing 750 297 56 107 standing 1020 367 84 105 falling 954 299 77 128 standing 861 415 84 123 standing 804 453 93 179 moving 523 428 90 147 standing
3596.jpg r-pass 161 422 59 138 standing 264 338 36 105 standing 578 360 54 110 standing 717 425 97 142 standing 812 261 48 110 standing 922 332 57 105 standing 947 409 55 135 digging 961 384 54 120 standing 430 391 57 132 standing 467 368 37 140 standing 475 334 44 119 standing
19001.jpg l-spike 981 339 79 106 standing 893 490 113 130 standing 632 468 67 149 standing 489 412 75 155 standing 495 356 69 149 standing 442 289 54 134 standing 309 354 63 148 standing 223 414 99 149 moving 394 479 97 170 standing 1154 412 79 141 standing 634 348 79 172 standing 646 307 43 149 standing
55424.jpg l_set 452 310 62 162 setting 385 262 59 106 moving 415 357 47 101 standing 214 335 58 126 moving 261 398 52 119 standing 252 485 85 164 moving 649 298 54 118 standing 641 356 54 132 standing 621 425 54 154 standing 991 314 52 104 standing 1069 358 57 139 standing 891 439 66 140 standing
25994.jpg r_set 1128 388 102 147 moving 763 269 46 162 setting 905 333 55 139 standing 868 488 87 167 moving 677 353 65 161 standing 290 304 57 114 standing 126 453 82 142 standing 76 361 67 131 standing 515 401 51 164 standing 543 352 64 146 standing 553 290 45 136 standing 814 247 77 135 moving
58376.jpg r-pass 876 397 55 128 standing 894 355 37 111 digging 857 337 44 97 standing 684 474 82 154 moving 685 404 57 127 standing 538 329 54 110 standing 419 417 58 123 standing 441 365 38 122 standing 431 346 35 102 standing 192 392 52 110 standing 136 340 66 119 moving 36 396 60 102 standing
9201.jpg l-spike 955 351 60 127 standing 807 409 92 128 standing 801 284 68 113 standing 524 348 64 125 standing 467 232 56 156 blocking 196 398 66 162 standing 314 311 49 122 standing 102 316 58 115 standing 154 359 62 116 standing 374 259 56 141 jumping 383 342 51 137 standing
35824.jpg r_set 1060 377 117 180 standing 977 352 102 102 falling 675 384 90 155 moving 585 250 98 182 setting 556 239 37 199 standing 243 327 50 155 standing 345 322 55 127 standing 333 434 63 175 standing 379 434 125 172 standing 456 350 89 155 standing 455 282 59 137 standing 873 444 96 157 moving
8027.jpg r-pass 813 398 92 156 digging 899 357 60 146 standing 791 283 67 120 standing 526 355 64 139 standing 56 353 47 131 standing 133 300 54 118 standing 243 355 58 122 standing 354 348 52 143 standing 329 286 43 129 standing 425 257 72 154 jumping
58546.jpg l-spike 776 341 60 126 moving 1000 345 92 116 digging 1172 373 80 154 standing 1111 489 99 143 standing 653 376 56 203 blocking 445 401 54 171 spiking 539 300 54 133 standing 562 400 80 135 standing 392 344 84 99 standing 219 368 94 99 standing
53686.jpg l-pass 1010 365 53 155 standing 864 337 61 113 standing 832 476 57 134 waiting 528 427 62 168 standing 544 421 40 155 standing 546 399 56 142 standing 281 493 93 104 digging 293 336 94 126 standing 150 403 63 143 standing 195 370 77 119 standing 402 411 77 125 standing 446 407 61 142 standing
35809.jpg l-spike 860 467 107 145 waiting 636 415 71 164 standing 969 344 96 107 waiting 1107 381 68 164 standing 578 238 74 208 blocking 420 201 63 170 spiking 513 330 63 178 standing 240 320 60 167 standing 311 316 63 137 standing 384 431 71 192 standing 342 429 65 161 standing
9116.jpg l-pass 251 272 50 101 digging 202 294 52 118 standing 213 370 77 116 standing 555 362 73 139 standing 468 280 65 122 standing 518 243 69 109 moving 1119 361 50 129 standing 1084 348 52 122 waiting 972 319 56 133 standing 727 349 41 131 standing 695 319 52 128 standing 724 306 39 97 standing
35419.jpg l-spike 123 330 58 137 standing 206 316 129 131 moving 254 401 86 137 moving 295 461 114 171 moving 520 376 73 135 standing 543 258 71 141 spiking 647 406 56 148 standing 648 298 56 165 blocking 651 293 43 128 standing 654 291 33 152 blocking 876 440 92 135 waiting 940 341 73 96 waiting 
9575.jpg r_spike 257 446 30 92 standing 326 492 51 89 standing 540 393 31 83 standing 550 399 31 119 blocking 545 432 31 130 blocking 716 361 43 65 moving 777 423 43 77 moving 750 520 64 104 moving 629 407 57 96 spiking 323 399 56 67 digging
39310.jpg r_set 207 405 39 112 standing 321 352 49 84 standing 343 457 39 114 standing 545 337 25 100 standing 551 404 35 91 blocking 549 430 28 126 standing 680 340 39 114 setting 723 333 56 72 moving 705 418 81 105 moving 859 390 37 100 moving 836 437 49 121 standing 845 550 64 124 standing
10645.jpg r-pass 482 383 61 56 digging 404 351 21 89 blocking 118 407 35 83 standing 697 395 30 83 standing 532 433 40 65 waiting 289 427 40 97 standing 274 368 26 72 standing 350 380 35 88 standing 360 346 37 93 standing 411 351 20 75 blocking 409 343 24 69 blocking
9685.jpg l-spike 374 315 54 105 spiking 212 417 39 90 standing 253 446 37 94 standing 430 404 39 80 standing 325 391 39 73 moving 492 347 28 96 blocking 493 335 33 96 blocking 405 446 39 103 standing 812 407 33 62 waiting 675 365 37 73 waiting 726 472 58 86 waiting
39065.jpg l-pass 311 418 37 105 standing 428 347 69 80 digging 326 363 52 79 moving 466 416 43 105 moving 611 408 50 101 standing 718 347 35 80 standing 709 409 43 105 standing 1044 422 60 118 moving 838 380 45 109 standing 905 385 33 105 standing 439 480 50 133 standing 710 365 41 120 blocking
47435.jpg l-spike 253 379 37 102 standing 401 348 32 85 moving 349 357 65 106 spiking 334 448 43 89 moving 428 467 41 117 moving 525 347 32 113 blocking 530 382 32 111 blocking 527 446 38 108 standing 819 420 37 82 waiting 802 481 38 91 standing 689 373 48 65 standing 491 500 40 120 standing
39140.jpg r-pass 152 438 47 113 standing 217 463 44 119 standing 273 399 52 88 standing 330 339 42 102 standing 374 477 55 122 standing 446 439 42 157 blocking 772 391 52 95 digging 360 382 64 87 waiting 558 366 63 72 waiting 649 367 74 79 waiting 811 473 56 112 waiting
31395.jpg r-pass 1 458 62 116 moving 285 430 56 96 waiting 431 373 33 90 standing 547 438 39 109 standing 586 399 22 116 standing 580 376 24 109 standing 644 391 39 94 standing 780 371 62 101 moving 893 377 41 92 standing 1066 396 33 99 standing 966 460 56 86 moving 915 497 65 90 digging
24945.jpg l_set 865 417 41 90 digging 800 446 41 92 standing 405 407 41 158 setting 496 393 56 103 standing 685 453 37 96 standing 706 443 49 80 falling 677 377 37 98 standing 674 359 39 92 standing 310 437 43 98 standing 307 399 64 84 waiting 612 429 31 125 blocking
24995.jpg l-pass 383 433 47 103 digging 338 370 41 90 standing 429 348 43 94 standing 564 393 35 105 standing 349 477 50 131 standing 166 474 50 124 standing 651 359 28 94 standing 661 388 33 114 standing 657 452 39 109 standing 777 367 30 101 standing 951 404 52 90 standing 917 460 50 101 standing
13110.jpg l-spike 479 343 46 113 blocking 682 477 51 80 standing 616 489 72 88 standing 419 430 61 85 standing 429 483 48 116 moving 367 410 29 74 standing 237 469 46 97 standing 169 452 37 92 standing 695 390 41 69 digging 781 413 37 80 digging 413 363 63 94 jumping
21500.jpg l_set 240 511 55 125 moving 282 425 54 82 moving 426 373 43 79 moving 589 396 52 125 setting 681 404 24 102 blocking 900 502 49 80 standing 673 440 35 100 blocking 933 448 35 83 waiting 859 399 48 74 digging 381 424 41 92 standing 572 377 55 86 spiking
9760.jpg r-pass 184 425 29 99 standing 440 370 35 89 standing 484 412 22 96 standing 485 446 33 112 standing 658 456 33 102 standing 273 480 42 96 standing 564 382 37 90 standing 873 447 54 88 moving 768 413 42 81 digging 736 368 54 61 moving 173 407 42 71 standing
42885.jpg l-pass 350 416 35 95 standing 509 377 32 72 standing 886 446 35 77 standing 716 439 27 84 standing 680 446 35 98 standing 642 445 55 95 standing 887 382 50 74 moving 800 437 37 89 moving 572 430 78 64 digging 574 378 33 61 digging 725 370 32 78 moving 835 416 47 49 falling
21530.jpg r-pass 324 489 54 116 standing 395 410 44 77 standing 499 382 44 85 standing 419 429 47 96 standing 521 456 39 105 standing 595 412 25 90 standing 608 430 35 82 standing 819 471 87 61 falling 774 455 62 39 falling 700 503 95 34 falling 540 417 37 92 standing
28775.jpg r_spike 374 401 44 99 standing 546 385 41 89 standing 446 477 62 99 standing 566 460 57 117 standing 993 404 27 93 standing 941 446 41 107 standing 828 405 43 97 standing 876 491 51 105 moving 816 325 52 96 spiking 735 317 24 133 blocking
28860.jpg l-spike 1045 417 39 84 standing 998 452 39 102 standing 951 378 39 84 standing 794 362 51 81 moving 706 414 28 93 blocking 703 367 32 119 blocking 615 368 49 90 standing 582 344 30 93 standing 518 337 49 111 spiking 485 401 35 104 standing 404 449 39 105 moving 617 502 46 142 moving
40190.jpg r_set 872 371 37 96 setting 649 343 34 83 moving 775 433 48 116 standing 436 343 27 97 standing 420 384 29 111 standing 428 413 34 122 standing 301 378 34 110 standing 235 429 32 111 standing 485 340 57 91 moving 519 356 54 83 moving 494 373 40 92 moving 296 355 44 93 standing
24865.jpg l-spike 635 447 54 99 standing 721 464 54 86 standing 791 417 43 87 waiting 635 358 45 84 moving 473 310 32 126 blocking 410 404 45 97 standing 376 295 47 114 spiking 318 452 71 101 standing 168 413 37 109 standing 189 485 39 120 moving 237 388 58 80 moving
10940.jpg r_spike 886 392 26 87 standing 855 427 32 93 jumping 802 484 48 98 moving 760 438 60 40 falling 718 404 34 92 moving 757 313 32 87 spiking 379 416 41 86 waiting 475 450 63 76 waiting 578 447 61 91 standing 456 351 43 60 digging 680 375 26 84 standing 675 311 29 104 blocking
9825.jpg l-pass 1014 458 30 82 standing 730 444 24 90 standing 747 380 35 79 standing 727 388 24 71 moving 678 345 20 74 standing 615 348 41 75 moving 543 378 54 68 standing 512 436 43 81 standing 403 472 30 72 digging 417 397 28 68 standing 317 432 43 75 waiting 835 401 33 88 standing
40370.jpg r-pass 925 425 33 73 waiting 829 449 52 97 moving 791 370 64 67 standing 677 416 48 52 falling 570 417 30 109 standing 565 408 33 103 standing 466 441 35 128 moving 422 412 52 99 moving 282 404 39 88 standing 387 356 30 82 moving 471 324 33 101 standing 482 362 58 94 moving
12780.jpg r_spike 802 424 29 89 standing 705 409 25 69 standing 683 448 43 69 standing 650 406 40 117 spiking 610 407 38 108 blocking 427 413 43 77 moving 366 447 34 91 standing 449 489 57 97 standing 847 497 38 89 standing 699 507 41 94 standing 588 474 35 105 standing 580 407 28 89 standing
28790.jpg l-pass 1003 445 40 106 standing 1037 411 27 71 standing 908 486 75 89 standing 873 414 68 96 standing 910 407 30 60 standing 853 383 49 66 standing 797 362 34 82 standing 815 343 30 106 standing 640 392 37 85 standing 612 462 66 111 standing 509 449 48 110 standing 446 390 43 83 digging
40160.jpg l-spike 953 401 40 78 standing 863 461 49 105 standing 593 321 23 128 blocking 590 301 39 126 blocking 455 447 35 119 standing 470 286 40 117 spiking 423 367 26 103 standing 407 355 29 95 standing 317 412 33 116 standing 501 393 77 88 standing 799 344 29 81 standing
40380.jpg r-pass 941 430 54 84 digging 798 378 59 76 standing 719 431 85 79 falling 603 429 62 107 standing 587 410 66 107 standing 498 424 34 113 standing 527 371 34 90 standing 510 330 31 100 standing 400 368 46 93 standing 305 407 44 84 standing 823 440 58 104 standing 408 404 45 110 standing
28810.jpg l-pass 1101 420 35 86 standing 1053 452 55 105 standing 963 388 32 96 standing 929 354 29 89 standing 897 478 51 106 digging 897 407 30 103 standing 820 343 35 92 standing 782 347 24 92 standing 656 457 65 117 digging 641 378 38 91 standing 533 442 44 105 standing 450 389 60 89 standing
9715.jpg r-pass 721 451 67 70 standing 563 373 41 84 standing 431 399 31 67 standing 411 364 24 87 standing 434 361 29 74 standing 362 436 35 106 standing 358 413 29 94 standing 308 353 39 78 standing 244 392 31 74 standing 208 454 24 94 standing 117 423 49 98 standing 766 429 63 57 falling
40045.jpg r_spike 899 422 38 111 standing 868 363 27 88 standing 769 283 48 111 spiking 831 479 52 114 standing 761 487 69 48 falling 728 426 40 116 standing 685 299 35 131 blocking 569 445 68 111 standing 479 352 43 91 standing 446 465 74 94 standing 317 389 40 92 standing
10580.jpg l_set 925 395 26 91 standing 884 459 37 80 standing 648 422 35 103 blocking 659 388 21 77 standing 650 359 21 66 standing 507 391 32 88 standing 373 412 42 100 setting 310 461 35 107 standing 315 368 27 88 standing 280 375 26 72 standing 391 303 26 72 standing 795 371 46 67 standing
39265.jpg r_set 846 467 62 131 standing 898 425 39 103 standing 877 368 48 86 standing 748 474 54 96 standing 755 359 62 97 setting 650 449 30 137 standing 631 446 35 123 standing 482 429 36 107 standing 392 354 33 91 standing 493 343 69 69 moving 237 418 51 109 standing 768 430 37 85 standing
28635.jpg l-pass 957 413 33 85 standing 887 448 46 95 moving 831 385 25 88 standing 710 474 39 103 digging 715 413 28 92 standing 715 364 19 82 standing 591 374 35 92 standing 556 336 32 79 standing 477 381 35 93 standing 458 488 44 65 falling 386 455 49 114 digging 386 492 65 117 moving
10720.jpg r_spike 848 418 30 83 standing 779 382 40 88 standing 720 361 38 86 standing 695 382 34 74 standing 647 404 51 83 standing 670 307 35 74 spiking 602 323 21 108 blocking 597 300 30 110 blocking 484 440 60 97 standing 449 361 40 72 standing 248 391 40 88 standing 376 460 63 86 standing
12725.jpg r_set 907 455 30 88 standing 847 415 38 89 standing 756 378 51 69 moving 696 417 52 99 spiking 674 419 57 105 setting 629 430 23 99 blocking 613 482 30 102 standing 615 390 26 89 standing 408 521 51 92 standing 272 465 43 86 standing 406 408 52 75 standing 863 571 46 110 moving
39100.jpg l_set 921 463 47 110 standing 901 388 38 102 standing 811 355 37 83 standing 636 424 41 112 blocking 635 381 40 94 standing 633 347 35 83 standing 525 379 40 133 setting 515 350 44 116 jumping 379 312 60 77 standing 309 360 43 82 standing 277 417 53 103 standing 301 524 87 131 moving
21685.jpg l-spike 809 436 37 77 standing 671 385 42 80 standing 724 484 47 87 standing 599 467 35 95 standing 506 330 27 117 blocking 502 325 40 120 blocking 423 319 54 105 spiking 454 492 42 112 standing 418 476 40 104 standing 346 423 42 100 standing 363 396 30 77 standing 280 505 42 94 standing
31435.jpg r_set 878 517 73 114 moving 893 445 39 92 standing 885 403 86 84 moving 835 366 52 88 moving 723 355 62 101 moving 653 348 39 112 setting 549 478 41 116 standing 557 390 30 107 standing 548 366 33 94 standing 337 359 48 80 standing 259 472 56 114 standing 258 429 54 82 waiting
28570.jpg r_spike 864 392 31 88 standing 793 517 57 109 standing 737 405 53 97 standing 748 304 34 116 spiking 690 440 45 104 standing 654 369 28 112 blocking 654 333 28 113 blocking 573 461 46 118 standing 427 488 79 94 standing 447 386 33 85 standing 300 432 59 94 standing 809 440 45 112 standing
31565.jpg l-spike 238 461 94 108 moving 253 401 31 116 standing 256 390 64 90 moving 346 363 58 87 standing 425 297 70 91 spiking 456 399 45 105 moving 550 336 31 105 blocking 547 326 26 95 blocking 736 352 64 71 moving 700 439 42 109 standing 803 465 55 85 waiting 885 410 42 85 digging
40525.jpg r_set 849 437 48 111 standing 645 360 61 86 standing 654 332 32 86 standing 547 506 52 111 standing 536 467 63 123 standing 808 368 34 105 setting 442 437 44 125 standing 454 381 30 102 standing 420 337 27 100 standing 324 397 40 88 standing 299 428 60 113 standing 142 392 63 100 standing
47380.jpg l-pass 1064 387 37 92 standing 900 382 54 77 standing 971 473 50 80 waiting 733 405 30 131 blocking 738 392 30 114 blocking 735 380 37 88 standing 679 405 37 88 standing 549 359 58 84 standing 451 340 41 88 standing 384 439 30 92 standing 242 407 30 111 standing 399 399 45 80 digging
25120.jpg l-pass 842 359 47 77 standing 819 384 22 80 standing 761 374 43 45 falling 750 443 54 99 moving 738 392 33 84 waiting 694 328 24 71 moving 589 431 41 105 standing 522 397 33 86 standing 548 340 56 90 moving 367 397 39 67 digging 337 450 33 114 standing 317 397 58 90 moving
40015.jpg r_set 867 480 88 119 moving 906 427 49 105 standing 832 381 46 84 standing 639 406 39 135 standing 613 372 49 118 setting 544 427 39 123 standing 551 397 35 111 standing 316 359 67 84 standing 231 394 48 107 standing 354 459 46 112 standing 543 331 27 100 standing 750 322 67 79 moving
42955.jpg l-spike 847 414 35 82 standing 740 375 39 70 digging 561 367 32 102 blocking 568 357 22 84 blocking 441 460 54 110 standing 474 403 34 74 standing 418 406 64 70 standing 400 374 40 77 standing 412 322 47 87 spiking 283 422 32 87 standing 768 478 49 75 standing
13065.jpg l_set 553 414 53 107 setting 536 431 38 87 standing 437 342 42 72 moving 393 424 39 84 moving 287 442 66 91 standing 292 544 68 116 moving 644 444 37 115 blocking 642 404 33 105 blocking 647 383 25 79 standing 794 396 46 67 standing 890 435 31 91 standing 878 497 37 84 standing
10535.jpg l-pass 1083 423 34 98 standing 811 378 42 67 waiting 893 453 42 70 waiting 698 371 34 90 standing 672 423 30 98 standing 679 375 23 95 blocking 490 459 70 98 standing 485 397 48 77 standing 427 323 35 77 standing 376 355 39 84 standing 349 448 35 91 digging 327 415 39 70 standing
43825.jpg r_set 257 414 52 90 standing 296 367 39 86 standing 521 432 35 107 standing 523 398 22 80 standing 527 353 24 77 standing 709 532 58 107 moving 655 415 50 105 standing 677 332 28 103 setting 771 344 52 67 moving 850 396 50 92 standing 783 440 33 90 standing 345 451 39 94 standing
31675.jpg r-pass 915 392 55 94 standing 859 438 40 96 standing 772 497 47 123 moving 708 377 51 98 moving 778 340 55 84 digging 550 353 34 95 standing 495 385 42 110 standing 499 363 32 112 standing 438 423 35 103 standing 389 448 56 109 standing 258 362 47 83 standing 150 401 51 114 standing
47410.jpg l_set 958 427 35 85 waiting 879 485 44 85 waiting 830 405 33 66 waiting 663 446 33 116 blocking 660 398 31 95 blocking 666 379 27 62 standing 518 435 49 108 moving 344 460 60 96 moving 272 402 58 97 moving 313 390 36 89 moving 441 327 41 75 standing 591 390 44 124 setting
21755.jpg r_set 577 485 36 100 standing 577 432 28 91 standing 580 391 30 73 standing 367 482 46 104 standing 314 415 35 102 standing 298 394 39 69 standing 622 391 22 97 standing 641 351 36 104 setting 710 358 45 64 moving 888 430 73 82 moving 887 477 42 88 standing 870 571 64 117 moving
9570.jpg r_set 1030 574 64 54 falling 763 528 69 97 moving 805 418 23 80 standing 738 361 38 65 moving 656 427 53 97 standing 640 375 30 113 setting 543 458 23 107 standing 556 441 21 80 waiting 539 395 23 84 waiting 343 394 41 61 moving 299 486 38 90 waiting 256 438 33 98 standing
21545.jpg r-pass 836 447 40 88 standing 783 442 63 71 digging 719 490 87 40 falling 639 414 35 94 standing 631 423 70 61 falling 677 439 29 94 standing 568 464 29 100 standing 585 421 26 97 standing 566 389 27 89 standing 373 465 40 112 standing 440 430 33 100 standing 429 404 46 75 standing
14630.jpg l-spike 862 434 39 84 waiting 735 393 32 71 digging 768 493 49 91 waiting 524 357 35 114 blocking 435 359 46 81 spiking 463 420 37 91 setting 442 458 33 109 moving 379 409 28 77 standing 272 472 36 98 standing 269 435 26 72 standing
28545.jpg r_set 870 541 85 114 moving 818 440 46 106 standing 852 407 25 85 standing 760 351 60 74 moving 678 460 54 96 standing 637 371 40 112 setting 551 446 35 117 standing 554 417 22 106 standing 554 367 30 103 standing 368 467 43 102 standing 318 387 51 85 standing 241 428 43 99 standing
43760.jpg l-spike 323 439 37 97 standing 351 402 43 90 standing 440 349 31 90 standing 468 378 30 130 spiking 495 402 45 92 standing 553 406 37 112 blocking 555 386 33 105 blocking 736 379 62 60 standing 857 409 43 80 standing 797 474 50 80 standing 75 376 47 63 moving 603 385 51 80 standing
9530.jpg r-pass 851 493 53 75 digging 751 505 40 102 standing 841 429 54 77 standing 720 416 40 88 standing 747 366 29 78 standing 583 387 39 82 standing 510 417 32 92 setting 486 404 26 96 standing 458 416 25 100 standing 371 415 23 82 standing 243 416 29 98 standing
10625.jpg l-spike 755 398 43 87 standing 634 440 54 79 standing 595 359 40 75 standing 458 329 26 109 blocking 405 386 37 79 standing 349 287 67 112 spiking 289 434 49 102 standing 282 367 32 71 standing 181 400 34 87 standing
10825.jpg l-pass 862 445 30 83 standing 824 371 24 83 standing 696 343 28 75 standing 677 364 26 74 standing 640 386 46 83 standing 450 420 29 94 standing 515 374 32 89 standing 311 422 26 108 digging 314 367 29 77 standing 226 400 35 102 standing 639 448 52 83 standing 488 331 32 91 standing
42920.jpg l_set 875 464 34 80 standing 859 425 27 87 standing 784 384 29 70 standing 649 428 27 90 standing 648 394 30 90 blocking 668 369 27 74 standing 576 417 29 52 falling 527 390 35 97 setting 473 344 34 64 standing 411 373 22 75 standing 307 413 34 84 standing 472 477 52 110 standing
10750.jpg l-pass 880 423 27 83 standing 790 380 35 86 standing 726 368 34 88 standing 673 418 40 91 standing 696 374 40 86 standing 699 347 44 71 standing 574 344 27 77 standing 581 327 44 83 standing 492 366 41 61 standing 327 396 48 55 digging 437 437 49 100 standing 403 433 40 89 standing
45535.jpg l-spike 977 465 61 78 standing 909 421 30 75 standing 835 356 36 71 standing 788 498 57 89 standing 688 414 53 114 blocking 645 411 53 74 standing 572 418 44 110 spiking 584 405 36 78 standing 552 344 40 82 standing 437 376 33 74 standing 459 452 33 106 standing 243 417 65 93 standing
40275.jpg l-pass 963 367 34 91 standing 879 397 34 103 standing 838 440 46 108 standing 809 344 35 96 standing 775 360 35 96 standing 736 344 23 96 standing 327 400 32 110 standing 451 434 75 105 standing 541 362 35 91 standing 593 396 69 120 digging 676 331 49 88 standing 701 315 27 103 standing
43715.jpg l-pass 854 456 29 88 standing 798 373 29 77 standing 862 400 25 102 standing 628 445 35 91 standing 634 404 26 74 standing 631 359 23 74 standing 559 394 29 91 standing 466 433 44 93 standing 440 446 65 54 falling 351 373 49 74 digging 434 335 29 70 standing 363 485 47 117 standing
45555.jpg r-pass 306 404 55 105 standing 465 446 32 108 standing 519 343 46 74 standing 464 381 38 80 standing 584 391 34 100 standing 546 455 39 108 standing 662 414 49 71 standing 636 452 35 91 standing 734 499 94 88 standing 864 444 69 96 standing 872 423 38 63 digging 862 361 53 69 standing
9930.jpg r-pass 893 415 51 76 standing 847 468 31 78 standing 764 390 42 71 standing 719 462 32 101 standing 684 421 30 95 standing 669 415 29 70 digging 563 432 27 103 standing 526 429 38 89 standing 558 404 28 87 standing 491 361 34 83 standing 400 435 27 79 standing 360 393 40 74 standing
31710.jpg r_set 840 532 62 127 standing 899 445 25 96 standing 854 333 44 82 standing 703 347 75 69 moving 635 323 39 111 setting 581 451 36 116 standing 602 341 19 131 blocking 366 348 48 77 standing 317 403 57 102 standing 355 453 54 117 standing 923 398 43 88 standing
40585.jpg r_spike 824 516 43 117 standing 818 398 39 102 standing 784 357 46 98 standing 724 295 37 87 spiking 696 410 37 110 standing 641 328 26 112 jumping 643 298 26 123 blocking 560 425 57 112 standing 393 469 78 95 standing 416 357 47 87 standing 264 405 42 92 standing 881 359 35 86 standing
25035.jpg l-spike 872 412 37 88 standing 797 477 57 88 standing 714 361 52 80 standing 676 446 46 97 standing 547 326 32 125 blocking 544 319 29 110 blocking 479 402 40 94 standing 451 304 49 119 spiking 361 380 40 88 standing 341 428 38 102 standing 288 465 32 116 standing 204 402 52 105 standing
47465.jpg r_set 801 407 36 91 standing 729 456 34 91 standing 625 387 37 74 moving 540 420 50 121 setting 502 427 57 101 standing 499 387 54 92 standing 420 511 48 118 standing 336 495 63 113 standing 426 417 54 92 standing 416 369 33 93 standing 316 418 35 90 standing 225 410 34 106 standing
24780.jpg l_set 1154 373 63 84 moving 1093 424 40 103 standing 987 453 50 81 waiting 803 373 29 88 standing 782 376 25 133 blocking 775 428 36 103 standing 675 433 39 103 standing 559 361 53 91 standing 409 440 33 95 standing 431 403 36 99 standing 231 394 50 109 standing 439 363 25 91 setting
10780.jpg l-pass 821 450 35 83 standing 820 382 35 85 standing 687 362 42 77 standing 646 358 49 70 standing 615 378 35 90 standing 606 425 35 91 standing 463 412 42 91 standing 346 450 47 111 standing 284 451 85 29 falling 351 361 35 72 standing 509 350 60 80 digging 444 313 34 83 standing
12975.jpg r-pass 833 459 25 89 standing 796 405 51 81 digging 645 480 51 95 standing 620 442 43 89 standing 485 379 25 87 standing 431 485 59 110 standing 454 471 33 89 standing 454 425 35 86 standing 302 457 44 102 standing 252 412 25 81 standing 900 326 38 58 moving 946 333 24 62 standing
40120.jpg l-pass 1080 389 39 97 standing 1008 443 49 116 standing 912 352 27 101 standing 762 422 43 109 standing 761 376 38 118 standing 765 331 24 94 standing 657 347 46 101 standing 575 288 36 81 standing 458 331 46 88 standing 408 360 41 104 standing 407 404 56 106 digging 425 498 55 139 standing
31645.jpg l-pass 943 457 39 100 standing 956 408 39 91 standing 833 361 48 84 standing 717 445 42 105 standing 661 395 53 100 standing 651 355 35 91 standing 559 341 30 95 standing 518 439 70 105 digging 554 425 42 74 digging 420 400 48 95 standing 336 355 49 81 standing 313 391 42 119 standing
40425.jpg l-pass 1019 411 28 95 standing 891 431 39 105 standing 708 433 53 107 standing 756 453 67 70 falling 779 397 44 67 falling 671 368 30 98 standing 591 324 30 103 standing 471 422 50 116 standing 520 383 39 107 standing 508 369 50 99 standing 442 359 60 70 digging 326 380 42 112 standing
10890.jpg r-pass 876 517 53 106 standing 932 390 33 86 standing 770 403 43 76 digging 761 376 32 90 standing 777 329 28 77 standing 585 377 28 80 standing 546 390 27 92 standing 548 352 26 90 standing 499 432 28 104 standing 335 439 31 98 standing 376 360 39 70 standing 216 415 39 82 waiting
31490.jpg l-pass 1173 414 35 111 standing 956 454 54 100 standing 856 358 26 111 standing 849 472 54 89 standing 936 394 57 97 standing 961 379 54 89 standing 785 452 40 119 standing 743 468 46 119 standing 601 450 49 102 standing 627 332 57 89 standing 448 405 111 43 digging 360 425 46 125 standing
28735.jpg r-pass 973 426 34 91 standing 873 426 44 74 standing 857 490 83 38 falling 811 369 43 86 standing 816 446 35 108 digging 921 566 72 111 moving 626 460 44 119 standing 649 429 24 105 standing 649 386 21 88 standing 469 470 49 102 standing 438 391 30 88 standing 370 410 44 103 standing
40255.jpg r_spike 994 378 49 89 standing 859 448 40 111 standing 889 393 35 102 standing 791 348 48 94 standing 748 365 38 97 standing 760 285 32 114 spiking 668 310 32 119 blocking 671 291 32 122 blocking 593 414 49 119 standing 469 347 58 91 standing 439 463 80 97 standing 298 409 52 97 standing
14390.jpg l_set 956 416 32 95 standing 880 488 32 99 standing 666 459 39 102 blocking 665 421 32 85 standing 663 401 32 68 standing 565 431 50 98 setting 551 426 32 75 standing 344 549 67 117 standing 327 452 64 89 standing 453 357 44 67 standing 265 420 63 35 falling 810 404 39 67 standing
42865.jpg r_spike 857 398 30 67 standing 785 432 46 46 falling 827 436 29 78 standing 756 453 26 88 standing 693 415 61 117 spiking 626 421 43 114 blocking 616 404 46 114 blocking 510 382 44 64 digging 435 390 53 67 standing 489 454 39 86 standing 313 436 43 75 standing 677 362 22 64 standing
14525.jpg r_spike 873 401 35 91 standing 783 434 34 92 standing 746 496 37 100 standing 693 407 32 85 standing 721 402 32 74 standing 670 340 34 97 spiking 623 391 24 85 standing 617 345 26 102 blocking 567 447 29 103 standing 462 399 43 71 standing 439 499 38 97 standing 288 452 35 89 standing
40695.jpg l-spike 418 438 48 120 standing 397 295 43 108 spiking 196 462 58 117 standing 230 385 34 106 standing 883 393 35 86 standing 844 428 44 100 standing 763 343 43 82 digging 714 459 71 85 standing 538 323 32 111 blocking 537 314 35 108 blocking 342 359 44 91 standing 456 381 61 99 standing
10915.jpg r_set 907 389 29 88 standing 821 420 37 86 standing 776 335 51 71 moving 711 403 39 86 standing 646 362 45 102 setting 577 436 25 108 standing 599 393 25 90 standing 593 350 25 84 standing 411 456 39 94 standing 420 359 37 71 standing 281 407 37 90 standing 869 529 57 108 moving
31605.jpg l-spike 252 396 56 117 standing 485 441 62 54 falling 336 435 32 121 standing 329 388 39 84 standing 716 354 42 82 standing 827 448 59 100 standing 713 436 76 107 standing 527 322 41 119 spiking 578 329 56 113 blocking 564 327 29 97 standing 426 353 37 83 standing
43610.jpg l_set 916 404 27 87 standing 883 473 38 77 standing 869 386 36 70 standing 683 428 35 98 blocking 681 394 30 90 blocking 681 367 25 80 blocking 616 368 40 98 setting 595 352 41 97 standing 480 335 45 62 moving 378 437 52 84 moving 353 518 69 112 moving 336 404 38 82 standing
9590.jpg l-pass 775 440 37 75 standing 705 503 45 97 standing 695 436 66 68 standing 701 365 45 92 standing 639 437 41 91 standing 295 467 33 92 standing 350 412 48 64 digging 403 478 46 86 standing 552 385 49 75 standing 598 443 21 97 standing 589 420 46 92 standing 1083 556 36 63 falling
24885.jpg r-pass 700 419 86 85 moving 657 456 40 85 standing 564 442 39 96 standing 519 425 53 48 digging 418 355 32 90 standing 419 347 29 99 standing 165 476 48 126 standing 98 415 36 109 standing 280 374 37 85 standing 351 451 42 109 standing 371 365 32 98 standing 369 404 36 99 standing
12880.jpg r_set 143 456 39 87 standing 333 483 42 104 standing 366 425 27 92 standing 404 379 39 92 standing 433 440 57 84 standing 431 492 57 112 standing 493 445 31 139 blocking 605 407 57 57 digging 703 413 57 69 waiting 802 456 39 79 waiting 764 512 35 95 setting
12685.jpg r-pass 373 409 40 83 standing 305 508 38 100 standing 523 456 34 110 standing 553 446 26 94 standing 551 401 30 91 blocking 595 416 43 92 standing 716 371 35 82 standing 745 398 27 91 standing 886 526 40 108 standing 845 430 32 71 digging 855 459 29 77 standing
13100.jpg l-spike 789 419 46 77 standing 724 388 30 69 standing 731 485 47 86 standing 622 484 67 77 standing 514 362 37 101 blocking 514 348 36 98 blocking 433 330 30 102 spiking 379 400 39 77 standing 468 425 31 86 standing 427 497 60 123 moving 295 453 41 98 standing 202 450 32 96 standing
40455.jpg l_set 261 390 52 93 standing 294 488 84 121 standing 485 328 50 60 standing 465 370 60 96 standing 527 356 48 107 setting 545 315 35 87 standing 638 361 36 101 blocking 642 432 45 103 standing 706 397 36 103 standing 772 356 50 89 standing 826 426 41 107 standing 964 401 37 84 standing
43640.jpg l-spike 770 394 36 84 standing 714 366 30 61 standing 698 459 42 81 standing 599 456 57 77 standing 496 348 30 99 blocking 493 335 22 90 blocking 457 384 26 84 standing 405 322 40 89 spiking 397 477 47 112 standing 364 411 50 89 standing 342 397 33 70 standing 171 443 36 84 standing
21625.jpg l_set 965 401 40 94 standing 942 487 37 88 standing 842 406 38 80 standing 733 434 27 120 blocking 739 386 32 127 blocking 748 379 27 80 standing 677 454 43 100 standing 528 424 30 116 setting 541 404 37 105 standing 517 346 24 83 standing 423 391 48 80 standing 304 412 55 96 standing
14585.jpg l_set 324 432 75 83 moving 436 397 45 70 standing 444 439 35 107 setting 499 355 37 70 standing 541 457 37 115 standing 584 417 28 92 standing 678 447 31 102 standing 667 420 34 102 blocking 668 377 20 83 standing 807 395 32 75 standing 873 472 43 100 standing 955 421 34 90 standing
24900.jpg r-pass 179 405 48 111 standing 266 455 36 115 standing 330 373 52 83 standing 440 451 41 108 standing 445 400 25 72 standing 450 375 33 97 standing 513 355 40 92 standing 511 346 34 80 standing 550 425 56 83 falling 725 419 41 92 waiting 575 432 67 97 standing 693 460 53 87 digging
25090.jpg r-pass 820 402 88 56 falling 784 448 47 105 standing 760 403 40 70 standing 693 429 46 56 falling 651 367 47 89 digging 659 330 39 84 standing 528 430 36 102 standing 542 393 30 100 standing 566 349 22 98 standing 418 359 28 84 standing 308 444 43 114 standing 269 382 28 110 standing
12870.jpg l-spike 809 445 40 85 standing 802 524 66 88 moving 712 400 47 74 digging 594 407 57 61 digging 513 444 41 125 blocking 513 429 30 128 blocking 419 442 49 140 spiking 463 425 35 88 standing 342 468 47 98 standing 393 429 31 80 standing 408 378 31 85 moving 199 443 46 84 standing
39200.jpg r_set 735 570 60 129 standing 784 426 43 115 standing 822 377 39 96 standing 782 315 33 99 setting 566 317 33 76 standing 546 421 41 115 standing 418 436 27 129 standing 407 406 27 107 standing 409 358 19 90 standing 160 480 54 117 standing 79 419 41 113 standing 94 364 56 76 standing
40560.jpg r_set 866 366 40 79 standing 816 411 47 106 standing 746 319 62 74 moving 666 427 78 97 moving 648 322 44 112 setting 530 423 27 122 standing 535 332 22 109 standing 535 385 29 121 standing 350 435 36 112 standing 279 362 37 90 standing 231 411 65 106 standing 802 557 64 126 standing
45595.jpg r_set 346 417 40 94 standing 392 373 46 70 standing 402 455 37 105 standing 582 451 32 110 standing 610 352 29 77 standing 606 400 32 96 standing 835 504 82 100 moving 803 414 32 91 standing 892 404 26 82 standing 834 341 51 71 moving 684 371 30 88 setting 669 436 35 102 standing
9805.jpg r_spike 256 422 47 91 standing 365 472 57 83 standing 357 385 37 74 standing 491 441 34 106 standing 603 332 27 99 blocking 599 379 34 74 standing 680 320 31 92 spiking 675 389 52 84 standing 743 461 33 93 standing 762 390 36 80 standing 801 407 29 90 standing 1114 475 41 83 standing
14360.jpg l-pass 1017 399 49 94 standing 935 476 29 99 standing 834 425 46 91 standing 725 461 34 96 standing 723 422 34 83 blocking 739 408 34 79 standing 638 458 44 91 standing 480 524 46 117 standing 473 470 52 100 standing 464 374 32 83 standing 392 432 46 57 digging 357 458 41 91 standing
31465.jpg r_spike 318 416 47 109 standing 392 370 68 75 standing 444 459 73 107 standing 644 335 47 87 standing 692 406 30 119 blocking 697 427 24 136 blocking 758 333 37 81 standing 795 438 66 109 spiking 839 367 39 75 standing 846 402 51 87 standing 879 441 54 96 standing 967 373 53 90 standing
9905.jpg l_set 892 427 32 79 standing 809 381 32 75 standing 863 499 38 82 standing 625 442 27 77 standing 603 415 29 86 standing 617 402 30 74 standing 543 389 32 88 standing 497 451 34 97 standing 443 401 38 108 setting 424 351 21 77 standing 380 402 27 85 standing 308 393 30 77 standing
12800.jpg l-pass 374 444 45 91 standing 486 416 25 82 standing 514 483 48 90 standing 585 476 52 95 standing 600 457 47 90 standing 591 407 41 81 digging 670 439 32 100 standing 704 409 43 71 standing 698 437 47 81 standing 713 493 46 98 standing 831 424 31 86 standing 860 493 31 85 standing
10685.jpg r_set 843 400 55 79 moving 673 428 40 87 standing 579 429 47 42 falling 636 325 40 70 standing 590 335 30 100 setting 548 376 29 82 standing 487 411 22 110 standing 504 396 34 87 standing 505 347 22 99 standing 277 445 42 95 standing 222 401 40 92 standing 310 361 32 72 standing
21585.jpg r_set 847 379 59 108 setting 821 459 34 89 standing 794 443 46 42 falling 744 411 34 53 falling 722 460 38 102 standing 718 410 35 98 standing 619 476 39 105 standing 553 420 39 91 standing 544 386 37 80 standing 418 466 43 108 standing 340 403 35 80 standing 370 437 57 98 standing
43685.jpg l-pass 833 393 39 87 standing 760 366 28 72 standing 764 449 27 82 standing 602 455 62 97 standing 571 365 17 72 standing 478 439 55 95 standing 499 418 45 70 standing 442 347 27 82 standing 360 457 97 40 falling 399 464 45 112 standing 404 391 27 55 digging 579 388 32 90 standing
25150.jpg l_set 923 397 38 82 standing 863 446 32 91 standing 801 371 48 75 standing 728 367 43 80 standing 674 437 34 97 standing 668 350 32 91 standing 622 372 37 128 setting 507 427 58 102 moving 455 336 52 69 moving 369 387 68 75 moving 248 475 65 102 standing 277 400 54 97 standing
28580.jpg r_spike 826 502 52 112 standing 873 437 40 102 standing 901 398 34 77 standing 757 432 54 102 standing 786 399 39 95 standing 775 325 50 104 spiking 721 352 30 97 blocking 716 319 34 117 blocking 559 469 75 112 standing 512 382 59 87 moving 450 479 70 87 standing 368 430 40 97 standing
14490.jpg r-pass 736 564 46 112 standing 735 449 34 96 standing 773 425 53 87 moving 798 437 46 53 falling 695 368 33 74 standing 505 462 33 108 standing 501 425 28 81 standing 509 386 16 82 standing 333 477 33 101 standing 236 468 60 99 standing 276 402 39 76 standing 569 428 29 91 digging
14425.jpg l-spike 806 511 43 92 standing 796 451 51 79 digging 679 405 43 77 digging 604 413 40 60 digging 494 461 49 113 blocking 495 441 38 122 blocking 406 461 46 123 spiking 452 421 27 69 standing 393 378 34 88 standing 268 408 37 74 moving 315 474 32 102 standing 317 483 52 43 falling
13035.jpg l-pass 896 380 30 78 standing 893 438 30 87 standing 914 499 37 83 standing 714 377 38 82 standing 636 457 34 95 standing 360 439 42 96 standing 475 339 18 85 standing 433 457 46 85 digging 480 416 46 83 standing 303 531 31 123 standing 688 461 32 97 standing 686 401 26 125 blocking
9970.jpg r_set 884 414 30 78 standing 855 451 26 83 standing 808 518 71 104 moving 773 377 46 72 moving 683 437 65 91 standing 655 375 30 103 setting 579 372 29 82 standing 592 442 27 102 standing 602 427 25 94 standing 418 473 41 102 standing 408 375 43 64 standing 328 424 44 86 moving
28510.jpg r-pass 819 511 48 90 digging 835 445 57 97 standing 846 415 42 80 standing 722 356 35 91 standing 581 423 51 92 standing 659 491 80 108 standing 497 425 36 127 blocking 516 414 23 98 standing 470 390 47 127 blocking 365 426 31 91 standing 213 429 47 109 standing 147 389 58 96 standing
14440.jpg r-pass 778 492 33 103 standing 749 446 68 76 digging 631 422 75 65 digging 566 413 65 58 standing 468 533 40 96 standing 463 500 37 102 standing 423 498 32 103 standing 402 426 30 82 standing 362 393 32 88 standing 294 491 37 102 standing 275 479 31 51 falling 278 421 43 75 standing
9995.jpg r_spike 871 425 23 85 standing 750 484 43 106 standing 768 406 35 91 standing 648 435 26 91 standing 656 402 35 75 standing 676 337 54 94 spiking 398 467 69 77 standing 544 442 30 111 standing 307 438 35 88 standing 367 375 49 60 digging 614 378 26 103 blocking 615 341 18 96 blocking
42830.jpg r_set 804 509 50 85 moving 801 408 22 54 standing 663 392 30 80 setting 557 448 25 87 standing 557 421 27 67 standing 559 379 17 62 standing 414 466 26 83 standing 376 388 35 58 standing 328 422 27 79 standing 802 450 29 83 standing 699 391 25 65 moving 743 395 42 52 standing
24825.jpg l_set 980 419 38 89 standing 932 480 40 91 standing 871 368 44 75 standing 681 437 27 110 blocking 688 397 29 103 standing 680 365 27 80 standing 543 399 46 92 standing 450 422 43 117 setting 398 342 30 85 moving 245 406 48 105 standing 308 457 40 117 standing 157 457 44 89 standing
25160.jpg r-pass 884 426 68 74 digging 811 393 55 65 digging 668 446 36 112 standing 659 355 41 77 standing 822 462 58 76 standing 610 421 41 98 standing 683 378 65 80 standing 309 469 41 112 standing 340 393 33 102 standing 423 374 30 84 standing 484 324 30 87 standing 554 453 41 104 standing
40320.jpg l_set 898 426 37 116 standing 959 400 37 87 standing 818 349 34 83 standing 649 415 36 102 standing 651 365 34 112 blocking 650 344 22 85 standing 535 353 58 95 digging 495 332 38 119 setting 512 436 43 125 standing 478 299 45 76 standing 370 353 44 85 standing 265 405 86 89 moving
40490.jpg l-spike 881 466 43 112 standing 915 427 53 87 standing 783 357 50 87 standing 557 409 49 148 blocking 571 397 33 132 blocking 385 429 62 107 standing 474 359 44 92 standing 454 327 35 92 standing 282 346 35 93 standing 450 428 30 135 spiking 431 419 67 53 falling 663 367 64 69 standing
31720.jpg r_spike 857 337 48 80 standing 908 402 43 89 standing 913 449 58 96 standing 699 360 44 94 setting 838 512 58 123 standing 733 296 57 106 spiking 414 352 61 71 moving 421 448 86 102 standing 640 445 40 105 standing 368 398 48 108 standing 665 348 30 122 blocking 662 307 29 122 blocking
39345.jpg r_spike 878 459 41 99 standing 841 400 41 111 standing 838 365 49 86 standing 765 346 38 82 moving 758 420 58 99 standing 792 420 41 134 spiking 659 416 41 145 blocking 650 394 52 137 blocking 543 346 51 83 digging 415 356 54 80 standing 284 406 54 97 standing 449 447 65 108 digging
21450.jpg l-pass 1109 404 55 75 moving 1024 465 45 94 standing 965 491 44 75 waiting 759 458 25 99 standing 766 405 22 127 setting 765 406 39 90 standing 657 470 42 95 standing 582 386 32 83 standing 413 469 27 95 standing 417 425 29 82 standing 257 457 25 107 standing 464 410 33 90 digging
21695.jpg r-pass 768 447 38 77 digging 663 478 57 74 digging 579 475 66 86 standing 607 396 30 77 standing 461 339 43 108 blocking 411 487 53 97 standing 341 490 54 103 standing 305 432 39 99 standing 336 407 30 71 standing 231 500 44 105 standing 381 362 58 90 standing
40230.jpg r_set 1001 395 44 91 standing 885 418 61 99 moving 712 435 41 111 standing 655 391 82 100 moving 687 305 34 110 setting 734 315 49 72 moving 538 412 27 123 standing 543 379 26 108 standing 545 331 26 97 standing 321 467 52 110 standing 256 401 48 102 standing 308 351 44 83 standing
40655.jpg l_set 970 398 45 90 standing 894 435 52 109 standing 862 348 32 85 standing 652 430 41 110 standing 472 471 35 134 standing 365 392 32 142 setting 258 385 73 98 standing 334 345 72 89 standing 512 347 45 95 standing 479 304 40 76 moving 651 382 35 72 standing 657 335 22 46 standing
39130.jpg l-spike 820 480 60 103 digging 798 387 46 91 standing 684 356 61 82 digging 565 358 52 80 digging 462 409 60 135 blocking 482 392 29 122 blocking 364 430 49 141 spiking 182 432 41 112 standing 290 376 33 94 standing 423 371 36 85 standing 271 444 39 109 standing 346 325 39 98 standing
14540.jpg l-pass 633 405 54 66 digging 649 374 23 84 standing 590 431 56 86 standing 557 423 33 56 waiting 483 477 68 88 standing 321 449 35 94 standing 677 387 19 68 standing 696 413 54 80 digging 731 410 33 47 digging 723 480 62 82 standing 819 438 45 98 standing 900 402 35 92 standing
12720.jpg r_set 865 573 77 121 moving 898 451 39 84 standing 861 412 29 90 standing 764 375 44 69 moving 660 410 35 105 setting 597 471 27 107 standing 600 381 31 97 standing 384 518 47 96 standing 399 402 37 70 standing 230 464 47 84 standing 696 413 47 117 standing 610 451 27 76 standing
21655.jpg l_set 914 438 35 85 standing 874 502 44 83 standing 791 409 30 72 standing 644 379 27 86 standing 655 414 26 89 standing 647 471 33 96 standing 585 396 37 123 setting 526 461 43 89 digging 439 392 32 77 standing 433 350 57 68 moving 299 416 54 89 moving 392 460 44 113 standing
12835.jpg l_set 871 494 49 85 standing 873 416 44 83 standing 774 395 43 75 standing 636 461 41 105 blocking 636 411 35 103 blocking 635 389 27 100 standing 522 405 43 108 setting 500 427 32 77 standing 484 368 44 71 standing 401 514 54 125 standing 404 397 34 74 standing 319 434 63 89 standing
40605.jpg l_set 840 472 45 115 standing 899 364 29 92 standing 879 351 29 87 standing 854 396 27 95 standing 747 383 34 97 standing 723 329 34 87 standing 536 409 70 132 setting 497 363 37 87 standing 412 450 70 105 standing 298 399 40 102 standing 657 327 46 91 standing 688 323 30 97 standing
9640.jpg l_set 917 485 43 85 standing 885 432 29 79 standing 752 385 31 79 standing 631 443 23 92 standing 626 412 29 97 standing 619 378 21 79 standing 529 402 21 83 standing 404 356 38 65 standing 343 377 32 71 standing 290 456 49 86 standing 274 401 31 111 setting 432 496 53 107 standing
28705.jpg r-pass 922 465 49 53 waiting 846 437 57 53 falling 773 395 30 85 standing 852 493 61 92 falling 743 517 72 99 moving 715 463 46 103 standing 555 474 53 126 standing 591 429 29 107 standing 586 379 30 99 standing 472 456 30 99 standing 384 395 37 89 standing 282 432 50 110 standing
28685.jpg l_set 957 499 74 100 moving 866 386 50 90 standing 806 388 39 70 moving 675 496 40 97 standing 667 468 38 99 standing 530 451 51 148 setting 603 412 39 100 standing 576 363 29 97 standing 485 441 29 100 standing 396 398 43 90 standing 299 457 32 117 standing 990 447 42 80 standing
9865.jpg l_set 860 408 35 76 standing 852 455 23 76 standing 753 374 27 72 standing 613 439 21 99 standing 603 362 16 80 standing 623 399 18 92 standing 450 329 38 88 setting 532 370 30 80 standing 413 475 38 119 standing 349 435 54 66 falling 319 378 33 74 standing 231 413 44 91 standing
45635.jpg l-pass 1026 447 46 85 standing 951 438 34 105 standing 978 398 55 75 standing 921 363 52 74 digging 894 431 63 89 standing 861 485 37 90 standing 813 432 40 96 blocking 789 424 38 106 standing 680 360 62 69 digging 635 447 46 95 digging 601 387 49 63 digging 562 396 40 82 digging
40350.jpg l-spike 950 414 42 84 waiting 905 461 61 110 standing 834 352 58 80 digging 646 362 39 79 standing 607 380 29 133 blocking 598 353 40 121 blocking 524 365 64 96 standing 476 310 40 100 standing 443 332 51 93 standing 412 356 49 137 spiking 315 371 51 97 standing 456 438 62 120 standing
31535.jpg l_set 1014 414 38 89 standing 931 476 44 91 standing 877 361 30 91 standing 691 451 49 113 standing 673 377 37 114 standing 678 344 24 96 standing 391 369 43 91 standing 446 452 60 116 moving 481 354 37 120 setting 252 475 66 120 moving 247 400 75 103 moving 415 310 46 82 standing
46470.jpg r_winpoint 37 405 40 108 standing 68 417 36 118 standing 238 391 28 91 standing 231 480 44 119 standing 314 367 33 97 standing 342 408 49 96 standing 419 348 40 120 standing 437 343 40 102 standing 597 353 41 100 standing 639 441 56 115 moving 687 439 57 100 moving 747 385 42 127 standing
38505.jpg r_winpoint 868 384 40 105 standing 960 470 34 109 standing 797 455 42 120 standing 745 398 32 112 standing 813 371 35 97 standing 756 353 67 110 standing 329 403 39 116 standing 566 323 51 97 standing 622 438 42 132 standing 451 434 47 119 standing 618 376 42 100 standing 397 441 88 29 falling
30870.jpg l_winpoint 403 391 42 86 standing 433 406 26 107 standing 512 445 49 108 standing 493 407 36 115 standing 508 404 35 92 standing 474 378 45 106 standing 683 393 35 97 standing 734 465 55 112 standing 870 374 33 96 standing 954 407 56 96 standing 982 499 55 51 falling 622 420 35 109 standing
36345.jpg l_winpoint 1167 518 74 69 falling 1126 409 47 106 standing 983 344 43 94 standing 884 428 60 122 standing 797 400 43 119 standing 774 377 34 104 standing 697 346 44 108 standing 658 341 34 96 standing 621 388 50 106 standing 589 406 43 108 standing 544 382 35 109 standing 527 346 46 87 standing
33900.jpg r_winpoint 912 392 44 135 standing 919 333 18 105 standing 850 362 44 97 standing 777 410 48 108 standing 754 372 51 107 standing 765 332 34 92 standing 631 319 39 101 standing 554 347 36 98 standing 576 468 55 115 standing 374 431 46 119 standing 309 382 37 119 standing 208 423 64 44 falling
52470.jpg l_winpoint 484 412 37 116 standing 432 414 48 114 standing 397 413 37 114 standing 400 387 35 125 standing 418 357 26 99 standing 432 342 49 99 standing 643 350 31 114 standing 716 342 41 104 standing 786 361 61 92 standing 788 454 55 126 standing 899 530 58 62 falling 984 383 49 114 standing
36990.jpg r_winpoint 206 395 58 94 standing 262 424 54 128 standing 453 410 37 113 standing 519 367 89 89 standing 552 443 65 127 standing 605 428 44 112 standing 734 389 55 125 standing 758 376 47 110 standing 814 415 47 110 standing 881 424 32 92 standing 870 499 84 134 standing 924 480 48 116 standing
37875.jpg l_winpoint 938 453 49 62 falling 898 442 42 98 standing 946 355 43 96 standing 862 381 50 100 standing 830 522 26 122 standing 655 483 40 123 standing 421 427 78 112 standing 406 434 76 109 standing 406 419 29 119 standing 429 426 29 98 standing 450 424 34 107 standing 447 404 44 114 standing
40860.jpg l_winpoint 932 412 30 75 falling 802 415 53 112 standing 772 333 29 95 standing 705 442 46 110 standing 587 330 44 89 standing 572 344 22 97 standing 463 429 74 133 standing 470 403 38 105 standing 463 340 31 91 standing 400 372 51 98 standing 364 443 52 103 standing 356 387 51 115 standing
42990.jpg r_winpoint 808 392 50 103 standing 748 423 36 98 standing 696 374 42 80 standing 566 376 36 78 standing 554 344 38 94 standing 487 435 42 101 standing 454 458 45 40 falling 409 396 43 85 standing 392 388 47 74 standing 346 344 38 79 standing 282 399 24 96 standing
33195.jpg l_winpoint 870 374 30 90 standing 764 513 66 62 falling 685 501 73 66 falling 715 334 34 84 standing 487 337 36 96 standing 493 319 32 110 standing 410 327 30 91 standing 398 369 34 116 standing 337 359 40 92 standing 338 439 54 101 standing 229 427 46 151 standing 243 383 44 110 standing
47790.jpg r_winpoint 897 424 35 93 moving 828 372 34 110 standing 799 378 41 107 jumping 706 355 36 92 standing 692 407 35 99 standing 684 368 31 97 standing 595 374 29 98 standing 607 354 26 99 standing 547 408 88 21 falling 496 407 24 100 standing 413 369 38 101 standing 334 424 38 113 standing
45675.jpg r_winpoint 417 382 29 107 standing 785 395 36 93 standing 827 473 92 109 standing 970 405 46 101 standing 823 365 47 91 standing 917 433 45 96 standing 907 423 39 68 standing 563 339 27 89 standing 656 483 37 110 standing 494 386 44 78 standing 556 485 33 123 standing 513 448 80 97 standing
43890.jpg l_winpoint 757 456 32 98 standing 828 429 35 80 standing 834 394 28 88 standing 847 360 24 79 standing 728 384 35 92 standing 688 387 30 91 standing 611 350 42 89 jumping 586 364 40 80 standing 527 413 44 103 standing 419 362 46 73 standing 391 430 26 103 standing 318 373 32 118 standing
32460.jpg l_winpoint 880 388 34 102 standing 781 435 71 42 falling 838 470 41 116 standing 732 454 47 110 standing 692 425 44 117 standing 672 363 68 94 moving 500 442 44 115 standing 479 361 42 103 standing 436 398 44 119 standing 416 431 48 113 standing 397 523 52 134 standing 389 392 46 88 moving
51345.jpg r_winpoint 1042 365 38 104 standing 993 395 62 86 standing 897 361 58 93 standing 847 330 62 97 standing 816 386 33 85 standing 814 411 58 107 standing 724 321 36 99 standing 716 312 30 98 standing 584 420 35 117 standing 568 343 33 92 standing 453 431 63 115 standing 448 403 47 73 falling